          CROP: MUSUR    (09)                                                   PAGE NO:    13

                              BLOCK WISE YIELD RATE,AREA AND PRODUCTION OF  RABI   CROPS, 2013-14
  --------------------------------------------------------------------------------------------------------------------------------
  D-DT-SD BLK BLOCK NAME              NCCE    DRY YR     AREA       DRY PRODN
                                             (kg/hec)    (hec)    (000 tonnes)
  --------------------------------------------------------------------------------------------------------------------------------
  1 11 1  01 BARRACKPUR-I               16     1198.46    1104         1.323

  1 11 1  02 BARRACKPUR-II               0     1198.46       1         0.001

  1 11 2  03 HABRA-I                    16      827.28     560         0.463

  1 11 2  04 HABRA-II                   16      704.12     510         0.359

  1 11 2  05 DEGANGA                    16     1060.73     127         0.135

  1 11 2  06 BARASAT-I                  20      712.62     126         0.090

  1 11 2  07 BARASAT-II                 16      436.47     506         0.221

  1 11 2  08 AMDANGA                    18     1324.24     110         0.146

  1 11 2  09 RAJARHAT                   16      814.47      32         0.026

  1 11 3  10 BAGDA                      18      864.92    1145         0.990

  1 11 3  11 BONGAON                    16      860.52    1272         1.095

  1 11 3  12 GAIGHATA                   20      915.97     988         0.905

  1 11 4  13 SWARUPNAGAR                16      749.95     748         0.561

  1 11 4  14 HANSNABAD                  20      784.34      83         0.065

  1 11 4  16 HAROA                      13      972.67       3         0.003

  1 11 4  17 MINAKHAN                   17      697.73       0         0.000

  1 11 4  20 BADURIA                    16      743.20     360         0.268

  1 11 4  21 BASIRHAT-I                 16      679.65      61         0.041

  1 11 4  22 BASIRHAT-II                16      828.85     119         0.099


  --------------------------------------------------------------------------------------------------------------------------------
    11    N.24-PARGANAS                302      864.45    7855         6.790
  --------------------------------------------------------------------------------------------------------------------------------