          CROP: MUSTARD  (15)                                                   PAGE NO:    13

                              BLOCK WISE YIELD RATE,AREA AND PRODUCTION OF  RABI   CROPS, 2013-14
  --------------------------------------------------------------------------------------------------------------------------------
  D-DT-SD BLK BLOCK NAME              NCCE    DRY YR     AREA       DRY PRODN
                                             (kg/hec)    (hec)    (000 tonnes)
  --------------------------------------------------------------------------------------------------------------------------------
  1 11 1  01 BARRACKPUR-I               16      905.65    1813         1.642

  1 11 2  03 HABRA-I                    16     1496.37    2227         3.332

  1 11 2  04 HABRA-II                   16     1020.00     438         0.447

  1 11 2  05 DEGANGA                    16     1764.76    8355        14.745

  1 11 2  06 BARASAT-I                  20     1105.26     125         0.138

  1 11 2  07 BARASAT-II                 16      992.58     198         0.197

  1 11 2  08 AMDANGA                    20      778.07     987         0.768

  1 11 2  09 RAJARHAT                   16     1289.52     104         0.134

  1 11 3  10 BAGDA                      18     1365.29    2620         3.577

  1 11 3  11 BONGAON                    16     1157.47    4257         4.927

  1 11 3  12 GAIGHATA                   16     1222.14    3245         3.966

  1 11 4  13 SWARUPNAGAR                16     1172.77    4597         5.391

  1 11 4  14 HANSNABAD                  20      983.11     424         0.417

  1 11 4  15 HINGALGANJ                  0     1410.45    1579         2.227

  1 11 4  16 HAROA                      16     1591.56    1922         3.059

  1 11 4  17 MINAKHAN                   20      876.79     961         0.843

  1 11 4  20 BADURIA                    16     1497.52    2029         3.038

  1 11 4  21 BASIRHAT-I                 18     1424.27    2167         3.086

  1 11 4  22 BASIRHAT-II                16     1721.36    8817        15.177


  --------------------------------------------------------------------------------------------------------------------------------
    11    N.24-PARGANAS                308     1432.02   46865        67.112
  --------------------------------------------------------------------------------------------------------------------------------