          CROP: AMAN     (05)                                                   PAGE NO:    13

                              BLOCK WISE YIELD RATE,AREA AND PRODUCTION OF  WINTER CROPS, 2013-14
  --------------------------------------------------------------------------------------------------------------------------------
  D-DT-SD BLK BLOCK NAME              NCCE    DRY YR     AREA       DRY PRODN   YR CLRICE   PRODN CLRICE
                                             (kg/hec)    (hec)    (000 tonnes)  (kg/hec)    (000 tonnes)
  --------------------------------------------------------------------------------------------------------------------------------
  1 11 1  01 BARRACKPUR-I               16     3625.65     894         3.241     2417.10        2.161

  1 11 1  02 BARRACKPUR-II              16     4523.83   12420        56.186     3015.89       37.457

  1 11 2  03 HABRA-I                    16     4279.51    4854        20.773     2853.01       13.848

  1 11 2  04 HABRA-II                   16     4200.72    5027        21.117     2800.48       14.078

  1 11 2  05 DEGANGA                    16     3710.63     900         3.340     2473.75        2.226

  1 11 2  06 BARASAT-I                  16     4276.49    3383        14.467     2850.99        9.645

  1 11 2  07 BARASAT-II                 16     3199.49     356         1.139     2132.99        0.759

  1 11 2  08 AMDANGA                    16     3788.48    6668        25.262     2525.65       16.841

  1 11 2  09 RAJARHAT                   16     2610.15     394         1.028     1740.10        0.686

  1 11 3  10 BAGDAH                     16     5024.13   27914       140.244     3349.42       93.496

  1 11 3  11 BONGAON                    16     4581.77   22233       101.866     3054.51       67.911

  1 11 3  12 GAIGHATA                   16     3781.96     444         1.679     2521.31        1.119

  1 11 4  13 SWARUPNAGAR                16     4005.64    6284        25.171     2670.43       16.781

  1 11 4  14 HASNABAD                   16     3854.15     957         3.688     2569.43        2.459

  1 11 4  15 HINGALGANJ                 16     4416.65   11625        51.344     2944.43       34.229

  1 11 4  16 HAROA                      16     3437.18     929         3.193     2291.45        2.129

  1 11 4  17 MINAKHAN                   16     4238.88   10624        45.034     2825.92       30.023

  1 11 4  18 SANDESHKHALI-I             16     3939.11     544         2.143     2626.07        1.429

  1 11 4  19 SANDESHKHALI-II            16     4495.12    5032        22.619     2996.75       15.080

  1 11 4  20 BADURIA                    16     4174.56    5785        24.150     2783.04       16.100

  1 11 4  21 BASIRHAT-I                 16     4091.61    4107        16.804     2727.74       11.203

  1 11 4  22 BASIRHAT-II                16     3748.38     569         2.133     2498.92        1.422


  --------------------------------------------------------------------------------------------------------------------------------
    11    N.24-PARGANAS                352     4446.03  131943       586.622     2964.02      391.081
  --------------------------------------------------------------------------------------------------------------------------------