          CROP: TIL      (18)                                                   PAGE NO:    13

                              BLOCK WISE YIELD RATE,AREA AND PRODUCTION OF  SUMMER CROPS, 2013-14
  --------------------------------------------------------------------------------------------------------------------------------
  D-DT-SD BLK BLOCK NAME              NCCE    DRY YR     AREA       DRY PRODN
                                             (kg/hec)    (hec)    (000 tonnes)
  --------------------------------------------------------------------------------------------------------------------------------
  1 11 1  01 BARRACKPUR-I               16     1192.69       0         0.000

  1 11 2  03 HABRA-I                    16     1198.93    1221         1.464

  1 11 2  04 HABRA-II                   16     1232.42     549         0.677

  1 11 2  05 DEGANGA                    16     1684.57    1955         3.293

  1 11 2  06 BARASAT-I                  20     1050.85     362         0.380

  1 11 2  07 BARASAT-II                 16      871.32     181         0.158

  1 11 2  08 AMDANGA                    20     1120.72    1100         1.233

  1 11 2  09 RAJARHAT                   16     1479.15      20         0.030

  1 11 3  10 BAGDAH                     16     1094.50     700         0.766

  1 11 3  11 BONGAON                    16     1384.23     350         0.484

  1 11 3  12 GAIGHATA                   20     1543.49       0         0.000

  1 11 4  13 SWARUPNAGAR                16     1130.43    1088         1.230

  1 11 4  14 HASNABAD                   20      986.87     720         0.711

  1 11 4  15 HINGALGANJ                  0     1162.09     226         0.263

  1 11 4  16 HAROA                      16     1303.33     304         0.396

  1 11 4  17 MINAKHAN                   20     1036.30     137         0.142

  1 11 4  19 SANDESHKHALI-II             0     1162.09       2         0.002

  1 11 4  20 BADURIA                    16     1186.34    1035         1.228

  1 11 4  21 BASIRHAT-I                 16     1078.83     349         0.377

  1 11 4  22 BASIRHAT-II                16     1319.83     206         0.272


  --------------------------------------------------------------------------------------------------------------------------------
    11    N.24-PARGANAS                308     1247.48   10505        13.105
  --------------------------------------------------------------------------------------------------------------------------------