          CROP: BORO     (17)                                                   PAGE NO:    13

                              BLOCK WISE YIELD RATE,AREA AND PRODUCTION OF  SUMMER CROPS, 2013-14
  --------------------------------------------------------------------------------------------------------------------------------
  D-DT-SD BLK BLOCK NAME              NCCE    DRY YR     AREA       DRY PRODN   YR CLRICE   PRODN CLRICE
                                             (kg/hec)    (hec)    (000 tonnes)  (kg/hec)    (000 tonnes)
  --------------------------------------------------------------------------------------------------------------------------------
  1 11 1  01 BARRACKPUR-I               17     6006.41    2396        14.391     4004.27        9.594

  1 11 1  02 BARRACKPUR-II               0     6144.19     400         2.458     4096.13        1.638

  1 11 2  03 HABRA-I                    16     4964.60    3200        15.887     3309.73       10.591

  1 11 2  04 HABRA-II                   16     5276.03    5246        27.678     3517.35       18.452

  1 11 2  05 DEGANGA                    16     4964.04    4931        24.478     3309.36       16.318

  1 11 2  06 BARASAT-I                  20     4994.06    2104        10.508     3329.37        7.005

  1 11 2  07 BARASAT-II                 16     4737.18    3808        18.039     3158.12       12.026

  1 11 2  08 AMDANGA                    20     3877.96    3297        12.786     2585.31        8.524

  1 11 2  09 RAJARHAT                   16     6328.50     403         2.550     4219.00        1.700

  1 11 3  10 BAGDAH                     16     4007.70    6776        27.156     2671.80       18.104

  1 11 3  11 BONGAON                    16     5371.15   13524        72.639     3580.77       48.426

  1 11 3  12 GAIGHATA                   20     4946.72    6308        31.204     3297.81       20.803

  1 11 4  13 SWARUPNAGAR                16     4442.46    2874        12.768     2961.64        8.512

  1 11 4  14 HASNABAD                   20     4473.01     495         2.214     2982.01        1.476

  1 11 4  15 HINGALGANJ                  0     4687.52     800         3.750     3125.01        2.500

  1 11 4  16 HAROA                      16     4511.87    1684         7.598     3007.91        5.065

  1 11 4  17 MINAKHAN                   20     4866.14    2119        10.311     3244.09        6.874

  1 11 4  18 SANDESHKHALI-I              0     4687.52    1754         8.222     3125.01        5.481

  1 11 4  19 SANDESHKHALI-II            20     4729.79    1042         4.928     3153.19        3.286

  1 11 4  20 BADURIA                    16     4788.16    3761        18.008     3192.11       12.006

  1 11 4  21 BASIRHAT-I                 16     4969.91    1668         8.290     3313.27        5.527

  1 11 4  22 BASIRHAT-II                16     4824.79    2290        11.049     3216.53        7.366


  --------------------------------------------------------------------------------------------------------------------------------
    11    N.24-PARGANAS                329     4894.36   70880       346.912     3262.91      231.275
  --------------------------------------------------------------------------------------------------------------------------------