          CROP: WHEAT    (06)                                                   PAGE NO:    12

                              BLOCK WISE YIELD RATE,AREA AND PRODUCTION OF  RABI   CROPS, 2013-14
  --------------------------------------------------------------------------------------------------------------------------------
  D-DT-SD BLK BLOCK NAME              NCCE    DRY YR     AREA       DRY PRODN
                                             (kg/hec)    (hec)    (000 tonnes)
  --------------------------------------------------------------------------------------------------------------------------------
  1 11 2  03 HABRA-I                     0     2724.63      74         0.202

  1 11 2  04 HABRA-II                    0     2724.63      31         0.084

  1 11 2  05 DEGANGA                    16     2841.58    1189         3.379

  1 11 2  06 BARASAT-I                  19     2612.52     101         0.264

  1 11 2  07 BARASAT-II                 16     2127.97     126         0.268

  1 11 2  08 AMDANGA                     0     2724.63     232         0.632

  1 11 2  09 RAJARHAT                    2     2455.33      10         0.025

  1 11 3  10 BAGDA                      17     3291.15     689         2.268

  1 11 3  11 BONGAON                    16     2932.94     405         1.188

  1 11 3  12 GAIGHATA                    4     3140.83     503         1.580

  1 11 4  13 SWARUPNAGAR                 9     3293.77     774         2.549

  1 11 4  14 HANSNABAD                  12     2347.45     176         0.413

  1 11 4  16 HAROA                       0     2815.12      38         0.107

  1 11 4  17 MINAKHAN                   12     2499.94    2658         6.645

  1 11 4  19 SANDESHKHALI-II             0     2815.12     115         0.324

  1 11 4  20 BADURIA                     7     3211.49     192         0.617

  1 11 4  21 BASIRHAT-I                  2     3161.88     443         1.401

  1 11 4  22 BASIRHAT-II                 0     2815.12      48         0.135


  --------------------------------------------------------------------------------------------------------------------------------
    11    N.24-PARGANAS                132     2829.21    7804        22.079
  --------------------------------------------------------------------------------------------------------------------------------