          CROP: AUS      (02)                                                   PAGE NO:    11

                              BLOCK WISE YIELD RATE,AREA AND PRODUCTION OF  BHADUI CROPS, 2013-14
  --------------------------------------------------------------------------------------------------------------------------------
  D-DT-SD BLK BLOCK NAME              NCCE    DRY YR     AREA       DRY PRODN   YR CLRICE   PRODN CLRICE
                                             (kg/hec)    (hec)    (000 tonnes)  (kg/hec)    (000 tonnes)
  --------------------------------------------------------------------------------------------------------------------------------
  1 11 1  01 BARRACKPUR-I               12     3947.80      85         0.336     2631.87        0.224

  1 11 1  02 BARRACKPUR-II               4     3938.57       0         0.000     2625.71        0.000

  1 11 2  03 HABRA-I                    16     4498.59     739         3.324     2999.06        2.216

  1 11 2  04 HABRA-II                   16     4101.90    1163         4.771     2734.60        3.180

  1 11 2  05 DEGANGA                    16     4432.08     600         2.659     2954.72        1.773

  1 11 2  06 BARASAT-I                  20     3948.11     577         2.278     2632.07        1.519

  1 11 2  07 BARASAT-II                 16     3770.55     564         2.127     2513.70        1.418

  1 11 2  08 AMDANGA                    20     3740.33       0         0.000     2493.55        0.000

  1 11 2  09 RAJARHAT                   15     3797.06     156         0.592     2531.37        0.395

  1 11 3  10 BAGDAH                     18     3962.18    1848         7.322     2641.45        4.881

  1 11 3  11 BONGAON                    16     4577.60    4076        18.658     3051.73       12.439

  1 11 3  12 GAIGHATA                   19     3946.80    2108         8.320     2631.20        5.547

  1 11 4  13 SWARUPNAGAR                17     4124.81    1625         6.703     2749.87        4.469

  1 11 4  14 HASNABAD                   20     3800.38       0         0.000     2533.59        0.000

  1 11 4  15 HINGALGANJ                 20     3702.95       0         0.000     2468.63        0.000

  1 11 4  16 HAROA                       5     4317.44     491         2.120     2878.29        1.413

  1 11 4  17 MINAKHAN                   20     3317.12       0         0.000     2211.41        0.000

  1 11 4  19 SANDESHKHALI-II             0     4293.53    1156         4.963     2862.35        3.309

  1 11 4  20 BADURIA                    16     4497.07     902         4.056     2998.05        2.704

  1 11 4  21 BASIRHAT-I                 16     4322.53       2         0.009     2881.69        0.006

  1 11 4  22 BASIRHAT-II                 0     4293.53     194         0.833     2862.35        0.555


  --------------------------------------------------------------------------------------------------------------------------------
    11    N.24-PARGANAS                302     4241.13   16286        69.071     2827.42       46.047
  --------------------------------------------------------------------------------------------------------------------------------