          CROP: JUTE     (01)                                                   PAGE NO:    12

                              BLOCK WISE YIELD RATE,AREA AND PRODUCTION OF  BHADUI CROPS, 2013-14
  --------------------------------------------------------------------------------------------------------------------------------
  D-DT-SD BLK BLOCK NAME              NCCE    DRY YR     AREA       DRY PRODN
                                              (bales/hec)(hec)    ('000 bales)
  --------------------------------------------------------------------------------------------------------------------------------
  1 11 1  01 BARRACKPUR-I               17       15.96    1238        19.758

  1 11 1  02 BARRACKPUR-II              16       18.03     252         4.544

  1 11 2  03 HABRA-I                    16       16.39    2133        34.960

  1 11 2  04 HABRA-II                   16       17.25    2194        37.847

  1 11 2  05 DEGANGA                    16       20.22    3865        78.150

  1 11 2  06 BARASAT-I                  20       16.16    2910        47.026

  1 11 2  07 BARASAT-II                 18       16.32    2662        43.444

  1 11 2  08 AMDANGA                    20       19.17    4380        83.965

  1 11 2  09 RAJARHAT                   16       21.26     458         9.737

  1 11 3  10 BAGDAH                     20       18.11    4970        90.007

  1 11 3  11 BONGAON                    16       19.69    6294       123.929

  1 11 3  12 GAIGHATA                   20       20.56    4651        95.625

  1 11 4  13 SWARUPNAGAR                16       20.15    2515        50.677

  1 11 4  14 HASNABAD                   20       18.87     629        11.869

  1 11 4  15 HINGALGANJ                 20       19.73     477         9.411

  1 11 4  16 HAROA                      16       18.34    1159        21.256

  1 11 4  17 MINAKHAN                   20       20.50      28         0.574

  1 11 4  20 BADURIA                    16       19.20    3742        71.846

  1 11 4  21 BASIRHAT-I                 18       17.81    2234        39.788

  1 11 4  22 BASIRHAT-II                17       17.57    2064        36.264


  --------------------------------------------------------------------------------------------------------------------------------
    11    N.24-PARGANAS                354       18.64   48855       910.676
  --------------------------------------------------------------------------------------------------------------------------------