          CROP: WHEAT    (06)                                                   PAGE NO:    16

                              BLOCK WISE YIELD RATE,AREA AND PRODUCTION OF  RABI   CROPS, 2014-15
  --------------------------------------------------------------------------------------------------------------------------------
  D-DT-SD BLK BLOCK NAME              NCCE    DRY YR     AREA       DRY PRODN
                                             (kg/hec)    (hec)    (000 tonnes)
  --------------------------------------------------------------------------------------------------------------------------------
  2 14 1  02 PURULIA-II                 16     3349.56      60         0.201

  2 14 1  03 HURA                       16     2997.07       5         0.015

  2 14 1  04 PUNCHA                      2     2218.69      15         0.033

  2 14 1  05 MANBAZAR-I                  5     2288.00      52         0.119

  2 14 1  06 MANBAZAR-II                12     2546.07     280         0.713

  2 14 1  07 BANDWAN                    16     1483.53     173         0.257

  2 14 2  09 JHALDA-II                   6     2206.93      75         0.166

  2 14 2  10 JOYPUR                      0     2262.21      71         0.161

  2 14 2  11 ARSHA                       0     2262.21      46         0.104

  2 14 2  12 BAGHMUNDI                   0     2262.21     144         0.326

  2 14 2  13 BALARAMPUR                  0     2262.21       5         0.011

  2 14 2  14 BARABAZAR                  17     2318.71     524         1.215

  2 14 3  15 RAGHUNATHPUR-I             13     2823.19      15         0.042

  2 14 3  16 RAGHUNATHPUR-II             7     2122.16      22         0.047

  2 14 3  17 NETURIA                     3     1788.71      53         0.095

  2 14 3  18 SANTURI                     5     1925.84      76         0.146

  2 14 3  19 KASHIPUR                    6     1792.20       1         0.002

  2 14 3  20 PARA                        6     2171.13       5         0.011


  --------------------------------------------------------------------------------------------------------------------------------
    14    PURULIYA                     130     2258.25    1622         3.663
  --------------------------------------------------------------------------------------------------------------------------------