          CROP: AMAN     (05) 

                              BLOCK WISE YIELD RATE,AREA AND PRODUCTION OF  WINTER CROPS, 2014-15
  --------------------------------------------------------------------------------------------------------------------------------
  D-DT-SD BLK BLOCK NAME              NCCE    DRY YR     AREA       DRY PRODN   YR CLRICE   PRODN CLRICE
                                             (kg/hec)    (hec)    (000 tonnes)  (kg/hec)    (000 tonnes)
  --------------------------------------------------------------------------------------------------------------------------------
  2 14 1  01 PURULIYA-I                 20     3307.22   12676        41.922     2204.81       27.948

  2 14 1  02 PURULIYA-II                36     2600.66   14759        38.383     1733.77       25.589

  2 14 1  03 HURA                       40     2887.40   19284        55.681     1924.93       37.120

  2 14 1  04 PUNCHA                     35     3493.13   16023        55.970     2328.75       37.314

  2 14 1  05 MANBAZAR-I                 40     2905.32   13256        38.513     1936.88       25.675

  2 14 1  06 MANBAZAR-II                20     3316.49   14351        47.595     2210.99       31.730

  2 14 1  07 BANDWAN                    20     2642.18   11403        30.129     1761.45       20.086

  2 14 2  08 JHALDA-I                    0     3341.14   15521        51.858     2227.43       34.572

  2 14 2  09 JHALDA-II                  36     3271.25   14155        46.305     2180.83       30.870

  2 14 2  10 JOYPUR                     20     3998.13   13861        55.418     2665.42       36.945

  2 14 2  11 ARSHA                      20     3430.51   16258        55.773     2287.01       37.182

  2 14 2  12 BAGMUNDI                   32     4009.05   14667        58.801     2672.70       39.200

  2 14 2  13 BALARAMPUR                 20     2885.09   12525        36.136     1923.39       24.091

  2 14 2  14 BARABAZAR                  20     2791.95   27788        77.583     1861.30       51.722

  2 14 3  15 RAGHUNATHPUR-I             28     3548.21    8242        29.244     2365.47       19.496

  2 14 3  16 RAGHUNATHPUR-II             0     3283.99    8828        28.991     2189.33       19.327

  2 14 3  17 NETURIA                    28     2596.98    5485        14.244     1731.32        9.496

  2 14 3  18 SANTURI                     0     3283.99    9798        32.177     2189.33       21.451

  2 14 3  19 KASHIPUR                   52     3483.51   17558        61.163     2322.34       40.776

  2 14 3  20 PARA                       38     3222.06   12713        40.962     2148.04       27.308


  --------------------------------------------------------------------------------------------------------------------------------
    14    PURULIYA                     505     3212.77  279151       896.848     2141.85      597.899
  --------------------------------------------------------------------------------------------------------------------------------