          CROP: MUSTARD  (15)                                                   PAGE NO:    16

                              BLOCK WISE YIELD RATE,AREA AND PRODUCTION OF  RABI   CROPS, 2014-15
  --------------------------------------------------------------------------------------------------------------------------------
  D-DT-SD BLK BLOCK NAME              NCCE    DRY YR     AREA       DRY PRODN
                                             (kg/hec)    (hec)    (000 tonnes)
  --------------------------------------------------------------------------------------------------------------------------------
  2 14 1  01 PURULIA-I                  17      686.28     129         0.089

  2 14 1  02 PURULIA-II                 13     1021.13      47         0.048

  2 14 1  03 HURA                       17     1414.26      25         0.035

  2 14 1  04 PUNCHA                     16      851.97     114         0.097

  2 14 1  05 MANBAZAR-I                 16      597.12      83         0.050

  2 14 1  06 MANBAZAR-II                17      815.45       1         0.001

  2 14 1  07 BANDWAN                    16      950.15     126         0.120

  2 14 2  08 JHALDA-I                    7      976.20       1         0.001

  2 14 2  09 JHALDA-II                   9     1301.49     129         0.168

  2 14 2  10 JOYPUR                     16      499.54     130         0.065

  2 14 2  11 ARSHA                       5      815.70     243         0.198

  2 14 2  12 BAGHMUNDI                   8      831.46     328         0.273

  2 14 2  13 BALARAMPUR                 16      690.21     146         0.101

  2 14 2  14 BARABAZAR                  17      689.47     239         0.165

  2 14 3  15 RAGHUNATHPUR-I              4      609.44      28         0.017

  2 14 3  16 RAGHUNATHPUR-II            10      597.90      11         0.007

  2 14 3  17 NETURIA                     6      627.08       1         0.001

  2 14 3  18 SANTURI                     6      658.41      44         0.029

  2 14 3  19 KASHIPUR                   16      797.24      38         0.030

  2 14 3  20 PARA                        5      702.97      22         0.015


  --------------------------------------------------------------------------------------------------------------------------------
    14    PURULIYA                     237      800.21    1885         1.508
  --------------------------------------------------------------------------------------------------------------------------------