          CROP: MAIZE    (03)                                                   PAGE NO:    11

                              BLOCK WISE YIELD RATE,AREA AND PRODUCTION OF  BHADUI CROPS, 2014-15
  --------------------------------------------------------------------------------------------------------------------------------
  D-DT-SD BLK BLOCK NAME              NCCE    DRY YR     AREA       DRY PRODN
                                             (kg/hec)    (hec)    (000 tonnes)
  --------------------------------------------------------------------------------------------------------------------------------
  2 14 1  01 PURULIYA-I                  4     1472.34     120         0.177

  2 14 1  02 PURULIYA-II                 0     1462.94      68         0.099

  2 14 1  03 HURA                        0     1462.94      56         0.082

  2 14 1  04 PUNCHA                      9     1381.00      95         0.131

  2 14 1  05 MANBAZAR-I                 16     1971.38     551         1.086

  2 14 1  06 MANBAZAR-II                20     1761.74    1805         3.180

  2 14 1  07 BANDWAN                    20      973.71    1353         1.317

  2 14 2  09 JHALDA-II                   3     2877.29     141         0.406

  2 14 2  10 JOYPUR                     24     1753.33     411         0.721

  2 14 2  11 ARSHA                      12     3086.86     246         0.759

  2 14 2  12 BAGMUNDI                    5     2516.97     105         0.264

  2 14 2  13 BALARAMPUR                 16     4153.28    1130         4.693

  2 14 2  14 BARABAZAR                  16     1751.11     212         0.371

  2 14 3  15 RAGHUNATHPUR-I             19     1435.64       1         0.001

  2 14 3  16 RAGHUNATHPUR-II             4     2126.72       1         0.002

  2 14 3  17 NETURIA                    13     1458.10       1         0.001

  2 14 3  18 SANTURI                    12      774.52       1         0.001

  2 14 3  19 KASHIPUR                   13     2216.67      19         0.042

  2 14 3  20 PARA                        4     2130.75       1         0.002


  --------------------------------------------------------------------------------------------------------------------------------
    14    PURULIYA                     210     2111.34    6317        13.337
  --------------------------------------------------------------------------------------------------------------------------------