          CROP: MASKALAI (10)                                                   PAGE NO:    13

                              BLOCK WISE YIELD RATE,AREA AND PRODUCTION OF  WINTER CROPS, 2014-15
  --------------------------------------------------------------------------------------------------------------------------------
  D-DT-SD BLK BLOCK NAME              NCCE    DRY YR     AREA       DRY PRODN
                                             (kg/hec)    (hec)    (000 tonnes)
  --------------------------------------------------------------------------------------------------------------------------------
  2 14 1  01 PURULIYA-I                  8      418.55    1200         0.502

  2 14 1  02 PURULIYA-II                20      175.10    1919         0.336

  2 14 1  03 HURA                       37      345.24    2886         0.996

  2 14 1  04 PUNCHA                      6      322.01     292         0.094

  2 14 1  05 MANBAZAR-I                 14      240.34       7         0.002

  2 14 1  06 MANBAZAR-II                 0      282.82      38         0.011

  2 14 2  08 JHALDA-I                    0      278.93     434         0.121

  2 14 2  09 JHALDA-II                   8      181.67     248         0.045

  2 14 2  10 JOYPUR                      8      166.50     703         0.117

  2 14 2  11 ARSHA                       4      286.19    1219         0.349

  2 14 2  12 BAGMUNDI                   17      469.05     572         0.268

  2 14 2  13 BALARAMPUR                  4      290.78     144         0.042

  2 14 2  14 BARABAZAR                  17      181.22     560         0.101

  2 14 3  15 RAGHUNATHPUR-I              4      499.65     100         0.050

  2 14 3  16 RAGHUNATHPUR-II             1      242.58       1         0.000

  2 14 3  19 KASHIPUR                   12      382.21     105         0.040

  2 14 3  20 PARA                       40      198.82    1065         0.212


  --------------------------------------------------------------------------------------------------------------------------------
    14    PURULIYA                     200      285.99   11493         3.287
  --------------------------------------------------------------------------------------------------------------------------------