          CROP: BORO     (17)                                                   PAGE NO:    14

                              BLOCK WISE YIELD RATE,AREA AND PRODUCTION OF  SUMMER CROPS, 2014-15
  --------------------------------------------------------------------------------------------------------------------------------
  D-DT-SD BLK BLOCK NAME              NCCE    DRY YR     AREA       DRY PRODN   YR CLRICE   PRODN CLRICE
                                             (kg/hec)    (hec)    (000 tonnes)  (kg/hec)    (000 tonnes)
  --------------------------------------------------------------------------------------------------------------------------------
  2 14 1  01 PURULIYA-I                  0        0.00       0         0.000        0.00        0.000

  2 14 1  02 PURULIYA-II                 4     3743.41       1         0.004     2495.61        0.002

  2 14 1  03 HURA                        2     3902.31       1         0.004     2601.54        0.003

  2 14 1  04 PUNCHA                     16     3962.31       1         0.004     2641.54        0.003

  2 14 1  05 MANBAZAR-I                  7     3566.01       1         0.004     2377.34        0.002

  2 14 1  06 MANBAZAR-II                 5     3840.97       1         0.004     2560.65        0.003

  2 14 1  07 BANDWAN                    11     2880.72       1         0.003     1920.48        0.002

  2 14 2  08 JHALDA-I                    2     3569.83       1         0.004     2379.89        0.002

  2 14 2  09 JHALDA-II                  10     4002.97       1         0.004     2668.65        0.003

  2 14 2  10 JOYPUR                      5     3243.51       2         0.006     2162.34        0.004

  2 14 2  11 ARSHA                      16     2944.51      38         0.112     1963.01        0.075

  2 14 2  12 BAGMUNDI                    7     6185.89       1         0.006     4123.93        0.004

  2 14 2  13 BALARAMPUR                  5     4441.26     101         0.449     2960.84        0.299

  2 14 2  14 BARABAZAR                  18     3505.94      71         0.249     2337.29        0.166

  2 14 3  16 RAGHUNATHPUR-II            16     3868.14      69         0.267     2578.76        0.178

  2 14 3  17 NETURIA                    16     3261.87       1         0.003     2174.58        0.002

  2 14 3  19 KASHIPUR                   14     5360.66      15         0.080     3573.77        0.054


  --------------------------------------------------------------------------------------------------------------------------------
    14    PURULIYA                     154     3928.42     306         1.202     2618.95        0.801
  --------------------------------------------------------------------------------------------------------------------------------