          CROP: AUS      (02)                                                   PAGE NO:    16

                              BLOCK WISE YIELD RATE,AREA AND PRODUCTION OF  BHADUI CROPS, 2015-16
  --------------------------------------------------------------------------------------------------------------------------------
  D-DT-SD BLK BLOCK NAME              NCCE    DRY YR     AREA       DRY PRODN   YR CLRICE   PRODN CLRICE
                                             (kg/hec)    (hec)    (000 tonnes)  (kg/hec)    (000 tonnes)
  --------------------------------------------------------------------------------------------------------------------------------
  2 15 1  01 MIDNAPUR SADAR             16     3544.07    8024        28.438     2362.71       18.958

  2 15 1  02 SALBONI                    16     3726.61    3498        13.036     2484.41        8.690

  2 15 1  03 KESHPUR                    16     3040.79     189         0.575     2027.19        0.383

  2 15 1  04 GARBETA-I                  16     3839.93    2636        10.122     2559.95        6.748

  2 15 1  05 GARBETA-II                 16     3809.49    1048         3.992     2539.66        2.662

  2 15 1  06 GARBETA-III                16     3769.05    5654        21.310     2512.70       14.207

  2 15 2  07 KHARAGPUR-I                 2     3206.61      20         0.064     2137.74        0.043

  2 15 2  08 KHARAGPUR-II                3     3185.04     199         0.634     2123.36        0.423

  2 15 2  09 DEBRA                       9     2968.01     103         0.306     1978.67        0.204

  2 15 2  10 PINGLA                     16     2931.22     278         0.815     1954.15        0.543

  2 15 2  11 KESHIARY                    8     3231.25     288         0.931     2154.17        0.620

  2 15 2  12 DANTAN-I                   16     4221.38      34         0.144     2814.25        0.096

  2 15 2  13 DANTAN-II                   0     3177.01      68         0.216     2118.01        0.144

  2 15 2  14 NARAYANGARH                 9     3094.56     191         0.591     2063.04        0.394

  2 15 2  15 MOHANPUR                    0     3177.01      10         0.032     2118.01        0.021

  2 15 2  16 SABONG                     16     3136.36     529         1.659     2090.91        1.106

  2 15 3  17 JHARGRAM                    0     3519.97     317         1.116     2346.65        0.744

  2 15 3  18 BINPUR-I                   16     2149.24     113         0.243     1432.83        0.162

  2 15 3  19 BINPUR-II                   0     3519.97     307         1.081     2346.65        0.720

  2 15 3  20 JAMBONI                     0     3519.97     138         0.486     2346.65        0.324

  2 15 3  21 NAYAGRAM                   10     2462.18     161         0.396     1641.45        0.264

  2 15 3  22 SANKRAIL                   16     3674.62    1404         5.159     2449.75        3.439

  2 15 3  23 GOPIBALLAVPUR-I            16     2605.79     455         1.186     1737.19        0.790

  2 15 3  24 GOPIBALLAVPUR-II           16     3673.57    2386         8.765     2449.05        5.843
          CROP: AUS      (02)                                                   PAGE NO:    17

                              BLOCK WISE YIELD RATE,AREA AND PRODUCTION OF  BHADUI CROPS, 2015-16
  --------------------------------------------------------------------------------------------------------------------------------
  D-DT-SD BLK BLOCK NAME              NCCE    DRY YR     AREA       DRY PRODN   YR CLRICE   PRODN CLRICE
                                             (kg/hec)    (hec)    (000 tonnes)  (kg/hec)    (000 tonnes)
  --------------------------------------------------------------------------------------------------------------------------------
  2 15 4  25 GHATAL                      0     4541.59    1101         5.000     3027.73        3.334

  2 15 4  26 DASPUR-I                    0     4541.59     612         2.779     3027.73        1.853

  2 15 4  27 DASPUR-II                   0     4541.59     928         4.215     3027.73        2.810

  2 15 4  28 CHANDRAKONA-I              14     4642.14    9323        43.279     3094.76       28.852

  2 15 4  29 CHANDRAKONA-II             12     4593.22    8836        40.586     3062.15       27.057


  --------------------------------------------------------------------------------------------------------------------------------
    15    PASCHIM MEDINIPUR            275     4035.89   48850       197.153     2690.59      131.436
  --------------------------------------------------------------------------------------------------------------------------------