          CROP: WHEAT    (06)                                                   PAGE NO:    16

                              BLOCK WISE YIELD RATE,AREA AND PRODUCTION OF  RABI   CROPS, 2015-16
  --------------------------------------------------------------------------------------------------------------------------------
  D-DT-SD BLK BLOCK NAME              NCCE    DRY YR     AREA       DRY PRODN
                                             (kg/hec)    (hec)    (000 tonnes)
  --------------------------------------------------------------------------------------------------------------------------------
  2 15 1  01 MEDINIPUR SADAR             3     1831.33      15         0.027

  2 15 1  02 SALBONI                    16     1907.49     910         1.736

  2 15 1  03 KESHPUR                     4     1822.24     593         1.081

  2 15 1  04 GARHBETA-I                  5     1226.75      10         0.012

  2 15 1  05 GARHBETA-II                 6     1174.84     302         0.355

  2 15 1  06 GARHBETA-III               16     1980.69      40         0.079

  2 15 2  07 KHARAGPUR-I                 1     1975.92     119         0.235

  2 15 2  09 DEBRA                       0     1921.88     371         0.713

  2 15 2  10 PINGLA                      0     1921.88     135         0.259

  2 15 3  17 JHARGRAM                    3     1897.74      15         0.028

  2 15 3  18 BINPUR-I                    0     1921.88    1080         2.076

  2 15 3  20 JAMBONI                     1     1954.13      12         0.023

  2 15 3  22 SANKRAIL                    4     1900.68       7         0.013

  2 15 4  28 CHANDRAKONA-I               3     1946.93      67         0.130

  2 15 4  29 CHANDRAKONA-II              0     1921.88      75         0.144


  --------------------------------------------------------------------------------------------------------------------------------
    15    PASCHIM MEDINIPUR             62     1843.03    3751         6.913
  --------------------------------------------------------------------------------------------------------------------------------