          CROP: TIL      (18)                                                   PAGE NO:    17

                              BLOCK WISE YIELD RATE,AREA AND PRODUCTION OF  SUMMER CROPS, 2015-16
  --------------------------------------------------------------------------------------------------------------------------------
  D-DT-SD BLK BLOCK NAME              NCCE    DRY YR     AREA       DRY PRODN
                                             (kg/hec)    (hec)    (000 tonnes)
  --------------------------------------------------------------------------------------------------------------------------------
  2 15 1  01 MIDNAPUR SADAR             12      950.20     219         0.208

  2 15 1  02 SALBONI                    16      914.85    4368         3.996

  2 15 1  03 KESHPUR                    16      933.85    8400         7.844

  2 15 1  04 GARBETA-I                  16      882.49   18000        15.885

  2 15 1  05 GARBETA-II                 16      731.87    5000         3.659

  2 15 1  06 GARBETA-III                16      777.88    4800         3.734

  2 15 2  07 KHARAGPUR-I                 8     1067.24    1264         1.349

  2 15 2  08 KHARAGPUR-II               12      939.60     295         0.277

  2 15 2  09 DEBRA                      16      884.01    2191         1.937

  2 15 2  10 PINGLA                     16      829.91      67         0.056

  2 15 2  11 KESHIARY                   16      494.24     783         0.387

  2 15 2  12 DANTAN-I                   16     1178.35    1666         1.963

  2 15 2  13 DANTAN-II                  16      956.98     250         0.239

  2 15 2  14 NARAYANGARH                16     1014.20    2552         2.588

  2 15 2  15 MOHANPUR                   10      691.12      63         0.044

  2 15 2  16 SABONG                     16      617.84     353         0.218

  2 15 3  17 JHARGRAM                   10      814.83     540         0.440

  2 15 3  18 BINPUR-I                   16      907.42    3129         2.839

  2 15 3  19 BINPUR-II                   6      740.90     147         0.109

  2 15 3  20 JAMBONI                     8      835.15     150         0.125

  2 15 3  21 NAYAGRAM                   16      785.74     300         0.236

  2 15 3  22 SANKRAIL                   16      848.77     584         0.496

  2 15 3  23 GOPIBALLAVPUR-I            12      909.83    1306         1.188

  2 15 3  24 GOPIBALLAVPUR-II           16      580.85     492         0.286
          CROP: TIL      (18)                                                   PAGE NO:    18

                              BLOCK WISE YIELD RATE,AREA AND PRODUCTION OF  SUMMER CROPS, 2015-16
  --------------------------------------------------------------------------------------------------------------------------------
  D-DT-SD BLK BLOCK NAME              NCCE    DRY YR     AREA       DRY PRODN
                                             (kg/hec)    (hec)    (000 tonnes)
  --------------------------------------------------------------------------------------------------------------------------------
  2 15 4  25 GHATAL                     16      769.46    1698         1.307

  2 15 4  26 DASPUR-I                   16      978.98     928         0.908

  2 15 4  27 DASPUR-II                  16      991.50     162         0.161

  2 15 4  28 CHANDRAKONA-I              16     1211.66    7823         9.479

  2 15 4  29 CHANDRAKONA-II             16      955.23    9295         8.879


  --------------------------------------------------------------------------------------------------------------------------------
    15    PASCHIM MEDINIPUR            414      922.05   76825        70.837
  --------------------------------------------------------------------------------------------------------------------------------