          CROP: BORO     (17)                                                   PAGE NO:    15

                              BLOCK WISE YIELD RATE,AREA AND PRODUCTION OF  SUMMER CROPS, 2015-16
  --------------------------------------------------------------------------------------------------------------------------------
  D-DT-SD BLK BLOCK NAME              NCCE    DRY YR     AREA       DRY PRODN   YR CLRICE   PRODN CLRICE
                                             (kg/hec)    (hec)    (000 tonnes)  (kg/hec)    (000 tonnes)
  --------------------------------------------------------------------------------------------------------------------------------
  2 15 1  01 MIDNAPUR SADAR             36     4375.82    3057        13.377     2917.21        8.918

  2 15 1  02 SALBONI                    40     4918.53    3040        14.952     3279.02        9.968

  2 15 1  03 KESHPUR                    60     5093.85   18845        95.994     3395.90       63.996

  2 15 1  04 GARBETA-I                  48     4818.04    1157         5.574     3212.03        3.716

  2 15 1  05 GARBETA-II                 40     3650.35     937         3.420     2433.57        2.280

  2 15 1  06 GARBETA-III                32     4126.28     501         2.067     2750.85        1.378

  2 15 2  07 KHARAGPUR-I                28     4696.26    1256         5.899     3130.84        3.932

  2 15 2  08 KHARAGPUR-II               36     4738.35   12959        61.404     3158.90       40.936

  2 15 2  09 DEBRA                      56     5025.39   16142        81.120     3350.26       54.080

  2 15 2  10 PINGLA                     40     4007.58   16205        64.943     2671.72       43.295

  2 15 2  11 KESHIARY                    0     5016.97   11342        56.902     3344.65       37.935

  2 15 2  12 DANTAN-I                   36     5414.80    8138        44.066     3609.87       29.377

  2 15 2  13 DANTAN-II                  11     4791.60   12142        58.180     3194.40       38.786

  2 15 2  14 NARAYANGARH                64     5023.72   20363       102.298     3349.15       68.199

  2 15 2  15 MOHANPUR                   20     4665.38    7462        34.813     3110.25       23.209

  2 15 2  16 SABONG                     52     6069.90   20710       125.708     4046.60       83.805

  2 15 3  17 JHARGRAM                   52     3998.27     889         3.554     2665.51        2.370

  2 15 3  18 BINPUR-I                   40     4784.36     733         3.507     3189.57        2.338

  2 15 3  20 JAMBONI                    36     4065.66     800         3.253     2710.44        2.168

  2 15 3  21 NAYAGRAM                   48     4266.27     600         2.560     2844.18        1.707

  2 15 3  22 SANKRAIL                   24     4446.42    3354        14.913     2964.28        9.942

  2 15 3  23 GOPIBALLAVPUR-I            24     5014.83     727         3.646     3343.22        2.431

  2 15 3  24 GOPIBALLAVPUR-II           28     6133.55    1701        10.433     4089.03        6.955

  2 15 4  25 GHATAL                     56     4968.22    9411        46.756     3312.15       31.171
          CROP: BORO     (17)                                                   PAGE NO:    16

                              BLOCK WISE YIELD RATE,AREA AND PRODUCTION OF  SUMMER CROPS, 2015-16
  --------------------------------------------------------------------------------------------------------------------------------
  D-DT-SD BLK BLOCK NAME              NCCE    DRY YR     AREA       DRY PRODN   YR CLRICE   PRODN CLRICE
                                             (kg/hec)    (hec)    (000 tonnes)  (kg/hec)    (000 tonnes)
  --------------------------------------------------------------------------------------------------------------------------------
  2 15 4  26 DASPUR-I                   40     4979.59    8468        42.167     3319.73       28.111

  2 15 4  27 DASPUR-II                  56     4869.68    8890        43.291     3246.45       28.861

  2 15 4  28 CHANDRAKONA-I              32     4888.34    6680        32.654     3258.89       21.769

  2 15 4  29 CHANDRAKONA-II             28     4543.00     662         3.007     3028.67        2.005


  --------------------------------------------------------------------------------------------------------------------------------
    15    PASCHIM MEDINIPUR           1063     4972.63  197171       980.459     3315.09      653.639
  --------------------------------------------------------------------------------------------------------------------------------