          CROP: MUSTARD  (15)                                                   PAGE NO:    17

                              BLOCK WISE YIELD RATE,AREA AND PRODUCTION OF  RABI   CROPS, 2015-16
  --------------------------------------------------------------------------------------------------------------------------------
  D-DT-SD BLK BLOCK NAME              NCCE    DRY YR     AREA       DRY PRODN
                                             (kg/hec)    (hec)    (000 tonnes)
  --------------------------------------------------------------------------------------------------------------------------------
  2 15 1  01 MEDINIPUR SADAR            10      678.27       2         0.001

  2 15 1  02 SALBONI                    16     1196.13    1197         1.432

  2 15 1  03 KESHPUR                    16      878.14     746         0.655

  2 15 1  04 GARHBETA-I                 16      852.29     288         0.245

  2 15 1  05 GARHBETA-II                16      664.64     125         0.083

  2 15 1  06 GARHBETA-III               16      905.93      34         0.031

  2 15 2  07 KHARAGPUR-I                 5      820.41     128         0.105

  2 15 2  08 KHARAGPUR-II                8     1190.74      15         0.018

  2 15 2  09 DEBRA                      16      735.69     387         0.285

  2 15 2  10 PINGLA                     16      718.83     207         0.149

  2 15 2  11 KESHIARY                    2      778.79       5         0.004

  2 15 2  12 DANTAN-I                   16      984.71      27         0.027

  2 15 2  13 DANTAN-II                   2      782.59       6         0.005

  2 15 2  14 NARAYANGARH                11      634.99      20         0.013

  2 15 2  15 MOHANPUR                    0      779.82       3         0.002

  2 15 2  16 SABONG                     16      755.76     245         0.185

  2 15 3  17 JHARGRAM                   16      971.00      34         0.033

  2 15 3  18 BINPUR-I                   16      626.54     501         0.314

  2 15 3  19 BINPUR-II                  16      650.27      32         0.021

  2 15 3  20 JAMBONI                    16      893.14      26         0.023

  2 15 3  22 SANKRAIL                   16      876.80     125         0.110

  2 15 3  23 GOPIBALLAVPUR-I            16      866.89     213         0.185

  2 15 3  24 GOPIBALLAVPUR-II           16      579.01      23         0.013

  2 15 4  25 GHATAL                     16     1153.74     800         0.923
          CROP: MUSTARD  (15)                                                   PAGE NO:    18

                              BLOCK WISE YIELD RATE,AREA AND PRODUCTION OF  RABI   CROPS, 2015-16
  --------------------------------------------------------------------------------------------------------------------------------
  D-DT-SD BLK BLOCK NAME              NCCE    DRY YR     AREA       DRY PRODN
                                             (kg/hec)    (hec)    (000 tonnes)
  --------------------------------------------------------------------------------------------------------------------------------
  2 15 4  26 DASPUR-I                   16      645.29     275         0.177

  2 15 4  27 DASPUR-II                  16      652.53     344         0.224

  2 15 4  28 CHANDRAKONA-I              16      788.46     206         0.162

  2 15 4  29 CHANDRAKONA-II             16     1002.72     140         0.140


  --------------------------------------------------------------------------------------------------------------------------------
    15    PASCHIM MEDINIPUR            374      904.38    6154         5.566
  --------------------------------------------------------------------------------------------------------------------------------