          CROP: AMAN     (05)                                                   PAGE NO:    17

                              BLOCK WISE YIELD RATE,AREA AND PRODUCTION OF  WINTER CROPS, 2015-16
  --------------------------------------------------------------------------------------------------------------------------------
  D-DT-SD BLK BLOCK NAME              NCCE    DRY YR     AREA       DRY PRODN   YR CLRICE   PRODN CLRICE
                                             (kg/hec)    (hec)    (000 tonnes)  (kg/hec)    (000 tonnes)
  --------------------------------------------------------------------------------------------------------------------------------
  2 15 1  01 MIDNAPUR SADAR             36     4842.44   10353        50.134     3228.29       33.423

  2 15 1  02 SALBONI                    40     4905.57   25555       125.362     3270.38       83.575

  2 15 1  03 KESHPUR                    60     4719.83   35686       168.432     3146.55      112.288

  2 15 1  04 GARBETA-I                  20     3262.17   21140        68.962     2174.78       45.975

  2 15 1  05 GARBETA-II                  0     4421.20   21356        94.419     2947.47       62.946

  2 15 1  06 GARBETA-III                32     4366.86   12221        53.367     2911.24       35.578

  2 15 2  07 KHARAGPUR-I                28     4010.49   17513        70.236     2673.66       46.824

  2 15 2  08 KHARAGPUR-II               20     5372.07   14732        79.141     3581.38       52.761

  2 15 2  09 DEBRA                      56     5144.08   25616       131.771     3429.39       87.847

  2 15 2  10 PINGLA                     40     4483.22   16269        72.938     2988.81       48.625

  2 15 2  11 KESHIARY                   36     3931.47   15777        62.027     2620.98       41.351

  2 15 2  12 DANTAN-I                   36     3281.50   14766        48.455     2187.67       32.303

  2 15 2  13 DANTAN-II                  16     4450.96   12977        57.760     2967.31       38.507

  2 15 2  14 NARAYANGARH                64     4176.61   38829       162.174     2784.41      108.116

  2 15 2  15 MOHANPUR                   20     4053.10   10315        41.808     2702.07       27.872

  2 15 2  16 SABONG                     52     5637.17   19462       109.711     3758.11       73.140

  2 15 3  17 JHARGRAM                   52     3937.18   19700        77.562     2624.79       51.708

  2 15 3  18 BINPUR-I                   40     3693.72   19376        71.570     2462.48       47.713

  2 15 3  19 BINPUR-II                   0     3564.34   24558        87.533     2376.23       58.355

  2 15 3  20 JAMBONI                    40     3343.61   13738        45.935     2229.07       30.623

  2 15 3  21 NAYAGRAM                   48     2308.36   10619        24.512     1538.91       16.342

  2 15 3  22 SANKRAIL                   40     4117.11   17668        72.741     2744.74       48.494

  2 15 3  23 GOPIBALLAVPUR-I            28     3120.58    8799        27.458     2080.39       18.305

  2 15 3  24 GOPIBALLAVPUR-II           28     3363.15   10761        36.191     2242.10       24.127
          CROP: AMAN     (05)                                                   PAGE NO:    18

                              BLOCK WISE YIELD RATE,AREA AND PRODUCTION OF  WINTER CROPS, 2015-16
  --------------------------------------------------------------------------------------------------------------------------------
  D-DT-SD BLK BLOCK NAME              NCCE    DRY YR     AREA       DRY PRODN   YR CLRICE   PRODN CLRICE
                                             (kg/hec)    (hec)    (000 tonnes)  (kg/hec)    (000 tonnes)
  --------------------------------------------------------------------------------------------------------------------------------
  2 15 4  25 GHATAL                     56     3952.68    7229        28.574     2635.12       19.049

  2 15 4  26 DASPUR-I                   40     4456.83    7687        34.260     2971.22       22.840

  2 15 4  27 DASPUR-II                  56     1913.98    3276         6.270     1275.99        4.180

  2 15 4  28 CHANDRAKONA-I              32     3518.99    6341        22.314     2345.99       14.876

  2 15 4  29 CHANDRAKONA-II             28     4896.02   11444        56.030     3264.01       37.353


  --------------------------------------------------------------------------------------------------------------------------------
    15    PASCHIM MEDINIPUR           1044     4195.44  473763      1987.645     2796.96     1325.097
  --------------------------------------------------------------------------------------------------------------------------------