          CROP: MUSUR    (09)                                                   PAGE NO:    19

                              BLOCK WISE YIELD RATE,AREA AND PRODUCTION OF  RABI   CROPS, 2013-14
  --------------------------------------------------------------------------------------------------------------------------------
  D-DT-SD BLK BLOCK NAME              NCCE    DRY YR     AREA       DRY PRODN
                                             (kg/hec)    (hec)    (000 tonnes)
  --------------------------------------------------------------------------------------------------------------------------------
  1 18 2  08 JAYNAGAR-I                  0     1351.92     342         0.462

  1 18 2  12 BHANGORE-I                 17      697.80      39         0.027

  1 18 2  13 BHANGORE-II                16     1460.69     367         0.536

  1 18 3  16 BASANTI                     0     1067.94      27         0.029

  1 18 4  18 MAGRAHAT-I                 17      542.43      20         0.011

  1 18 4  19 MAGRAHAT-II                 7      371.58      67         0.025

  1 18 4  20 MANDIRBAZAR                 0      386.72      47         0.018

  1 18 4  23 DIAMOND HARBOUR-I          18      338.39      50         0.017

  1 18 4  24 DIAMOND HARBOUR-II         10      591.68      12         0.007

  1 18 4  25 MATHURAPUR-I                0      386.72       2         0.001

  1 18 4  26 MATHURAPUR-II               0      386.72      22         0.009

  1 18 5  27 KAKDWIP                    10      384.61      20         0.008

  1 18 5  28 NAMKHANA                    0      378.28       8         0.003


  --------------------------------------------------------------------------------------------------------------------------------
    18    S.24-PARGANAS                 95     1126.51    1023         1.152
  --------------------------------------------------------------------------------------------------------------------------------