          CROP: MUSTARD  (15)                                                   PAGE NO:    20

                              BLOCK WISE YIELD RATE,AREA AND PRODUCTION OF  RABI   CROPS, 2013-14
  --------------------------------------------------------------------------------------------------------------------------------
  D-DT-SD BLK BLOCK NAME              NCCE    DRY YR     AREA       DRY PRODN
                                             (kg/hec)    (hec)    (000 tonnes)
  --------------------------------------------------------------------------------------------------------------------------------
  1 18 2  08 JAYNAGAR-I                  0     1395.63     398         0.555

  1 18 2  10 KULTALI                     0     1395.63     235         0.328

  1 18 2  12 BHANGORE-I                 16     1259.13    1048         1.320

  1 18 2  13 BHANGORE-II                18     1566.34    2541         3.980

  1 18 3  15 CANNING-II                  0      499.99      79         0.039

  1 18 3  16 BASANTI                     0      499.99      35         0.018

  1 18 3  17 GOSABA                     16      459.75      73         0.034

  1 18 4  18 MAGRAHAT-I                  0      629.79       5         0.003

  1 18 4  19 MAGRAHAT-II                 0      629.79      17         0.011

  1 18 4  21 KULPI                       0      629.79      62         0.039

  1 18 4  23 DIAMOND HARBOUR-I           0      629.79      36         0.023

  1 18 4  25 MATHURAPUR-I                0      629.79      20         0.013

  1 18 4  26 MATHURAPUR-II              16      676.39      23         0.016

  1 18 5  28 NAMKHANA                    0     1368.05      16         0.022

  1 18 5  29 SAGAR                       0     1368.05      35         0.048

  1 18 5  30 PATHARPRATIMA               5     1309.07      23         0.030


  --------------------------------------------------------------------------------------------------------------------------------
    18    S.24-PARGANAS                 71     1394.15    4646         6.477
  --------------------------------------------------------------------------------------------------------------------------------