          CROP: BORO     (17)                                                   PAGE NO:    20

                              BLOCK WISE YIELD RATE,AREA AND PRODUCTION OF  SUMMER CROPS, 2013-14
  --------------------------------------------------------------------------------------------------------------------------------
  D-DT-SD BLK BLOCK NAME              NCCE    DRY YR     AREA       DRY PRODN   YR CLRICE   PRODN CLRICE
                                             (kg/hec)    (hec)    (000 tonnes)  (kg/hec)    (000 tonnes)
  --------------------------------------------------------------------------------------------------------------------------------
  1 18 1  02 BISHNUPUR-I                16     4708.31    7158        33.702     3138.87       22.468

  1 18 1  03 BISHNUPUR-II               17     4801.07     535         2.569     3200.71        1.712

  1 18 1  04 BUDGE-BUDGE-I              18     6719.49     233         1.566     4479.66        1.044

  1 18 1  05 BUDGE-BUDGE-II             18     4509.33    2167         9.772     3006.22        6.514

  1 18 1  06 THAKURPUKUR-MAHESHTA        0     4702.90     376         1.768     3135.27        1.179

  1 18 2  08 JAYNAGAR-I                 20     5055.35     862         4.358     3370.23        2.905

  1 18 2  09 JAYNAGAR-II                18     4670.27     148         0.691     3113.51        0.461

  1 18 2  10 KULTALI                    18     4017.54     752         3.021     2678.36        2.014

  1 18 2  11 BARUIPARA                  16     4611.65    5575        25.710     3074.43       17.140

  1 18 2  12 BHANGORE-I                 16     4074.15    2300         9.371     2716.10        6.247

  1 18 2  13 BHANGORE-II                18     4086.52    5789        23.657     2724.35       15.771

  1 18 3  14 CANNING-I                  16     5079.58    3514        17.850     3386.39       11.900

  1 18 3  15 CANNING-II                 16     6084.61    3566        21.698     4056.41       14.465

  1 18 3  16 BASANTI                    16     5367.02     533         2.861     3578.01        1.907

  1 18 3  17 GOSABA                     16     4536.11    6440        29.213     3024.07       19.475

  1 18 4  18 MOGRAHAT-I                 20     5208.72    3246        16.908     3472.48       11.272

  1 18 4  19 MOGRAHAT-II                19     5061.37    8436        42.698     3374.25       28.465

  1 18 4  20 MANDIRBAZAR                18     4183.95     747         3.125     2789.30        2.084

  1 18 4  21 KULPI                      16     5850.82    2059        12.047     3900.55        8.031

  1 18 4  22 FALTA                      16     5424.42    3852        20.895     3616.28       13.930

  1 18 4  23 DIAMOND HARBOUR-I          18     4698.87    2414        11.343     3132.58        7.562

  1 18 4  24 DIAMOND HARBOUR-II         18     4849.42    1440         6.983     3232.95        4.655

  1 18 4  25 MATHURAPUR-I               16     4137.73    3864        15.988     2758.49       10.659

  1 18 4  26 MATHURAPUR-II              16     4125.54    5461        22.530     2750.36       15.020
          CROP: BORO     (17)                                                   PAGE NO:    21

                              BLOCK WISE YIELD RATE,AREA AND PRODUCTION OF  SUMMER CROPS, 2013-14
  --------------------------------------------------------------------------------------------------------------------------------
  D-DT-SD BLK BLOCK NAME              NCCE    DRY YR     AREA       DRY PRODN   YR CLRICE   PRODN CLRICE
                                             (kg/hec)    (hec)    (000 tonnes)  (kg/hec)    (000 tonnes)
  --------------------------------------------------------------------------------------------------------------------------------
  1 18 5  27 KAKDWIP                    19     5214.89      24         0.125     3476.59        0.083

  1 18 5  28 NAMKHANA                   18     4397.75      54         0.237     2931.83        0.158

  1 18 5  29 SAGAR                       0     4625.96     199         0.921     3083.97        0.614

  1 18 5  30 PATHARPRATIMA               0     4625.96    1223         5.658     3083.97        3.772


  --------------------------------------------------------------------------------------------------------------------------------
    18    S.24-PARGANAS                433     4759.16   72967       347.261     3172.77      231.508
  --------------------------------------------------------------------------------------------------------------------------------