          CROP: AMAN     (05)                                                   PAGE NO:    20

                              BLOCK WISE YIELD RATE,AREA AND PRODUCTION OF  WINTER CROPS, 2013-14
  --------------------------------------------------------------------------------------------------------------------------------
  D-DT-SD BLK BLOCK NAME              NCCE    DRY YR     AREA       DRY PRODN   YR CLRICE   PRODN CLRICE
                                             (kg/hec)    (hec)    (000 tonnes)  (kg/hec)    (000 tonnes)
  --------------------------------------------------------------------------------------------------------------------------------
  1 18 1  02 BISHNUPUR-I                16     1104.54    1021         1.128      736.36        0.752

  1 18 1  03 BISHNUPUR-II                0     2535.73    1155         2.929     1690.49        1.953

  1 18 1  04 BUDGE-BUDGE-I              16     3034.41    1493         4.530     2022.94        3.020

  1 18 1  05 BUDGE-BUDGE-II             16     2753.07    3984        10.968     1835.38        7.312

  1 18 1  06 THAKURPUKUR-MAHESHTA       16     2447.85     624         1.527     1631.90        1.018

  1 18 2  07 SONARPUR                   16     1142.35    1763         2.014      761.57        1.343

  1 18 2  08 JAYNAGAR-I                 16     2907.43    4613        13.412     1938.29        8.941

  1 18 2  09 JAYNAGAR-II                16     3096.31   13254        41.038     2064.21       27.359

  1 18 2  10 KULTALI                    16     2382.42    2749         6.549     1588.28        4.366

  1 18 2  11 BARUIPARA                  16     2558.56    2110         5.399     1705.71        3.599

  1 18 2  12 BHANGORE-I                 16     4008.91   32784       131.428     2672.61       87.619

  1 18 2  13 BHANGORE-II                16     3684.03   18289        67.377     2456.02       44.918

  1 18 3  14 CANNING-I                  16     2242.46    2224         4.987     1494.97        3.325

  1 18 3  15 CANNING-II                 16     1971.89    1941         3.827     1314.59        2.552

  1 18 3  16 BASANTI                    16     3485.56   34705       120.966     2323.71       80.644

  1 18 3  17 GOSABA                     16     4201.78   40433       169.891     2801.19      113.260

  1 18 4  18 MOGRAHAT-I                 16     3053.43    6996        21.362     2035.62       14.241

  1 18 4  19 MOGRAHAT-II                16     2780.36    1468         4.082     1853.57        2.721

  1 18 4  20 MANDIRBAZAR                16     3062.44    9149        28.018     2041.63       18.679

  1 18 4  21 KULPI                      16     2733.98    1561         4.268     1822.65        2.845

  1 18 4  22 FALTA                      16     1712.55    1342         2.298     1141.70        1.532

  1 18 4  23 DIAMOND HARBOUR-I          16     3256.39    3141        10.228     2170.93        6.819

  1 18 4  24 DIAMOND HARBOUR-II         16     2370.15    1418         3.361     1580.10        2.241

  1 18 4  25 MATHURAPUR-I               16     1930.12    1068         2.061     1286.75        1.374          CROP: AMAN     (05)                                                   PAGE NO:    21

                              BLOCK WISE YIELD RATE,AREA AND PRODUCTION OF  WINTER CROPS, 2013-14
  --------------------------------------------------------------------------------------------------------------------------------
  D-DT-SD BLK BLOCK NAME              NCCE    DRY YR     AREA       DRY PRODN   YR CLRICE   PRODN CLRICE
                                             (kg/hec)    (hec)    (000 tonnes)  (kg/hec)    (000 tonnes)
  --------------------------------------------------------------------------------------------------------------------------------
  1 18 4  26 MATHURAPUR-II              16     3385.20   15500        52.471     2256.80       34.980

  1 18 5  27 KAKDWIP                    16     3132.53   16905        52.955     2088.35       35.304

  1 18 5  28 NAMKHANA                   16     3609.92   32237       116.373     2406.61       77.582

  1 18 5  29 SAGAR                      16     4082.53   29616       120.908     2721.69       80.605

  1 18 5  30 PATHARPRATIMA              16     3474.87   33272       115.616     2316.58       77.077


  --------------------------------------------------------------------------------------------------------------------------------
    18    S.24-PARGANAS                448     3541.41  316815      1121.973     2360.94      747.982
  --------------------------------------------------------------------------------------------------------------------------------