          CROP: KHESARI  (12)                                                   PAGE NO:    18

                              BLOCK WISE YIELD RATE,AREA AND PRODUCTION OF  RABI   CROPS, 2013-14
  --------------------------------------------------------------------------------------------------------------------------------
  D-DT-SD BLK BLOCK NAME              NCCE    DRY YR     AREA       DRY PRODN
                                             (kg/hec)    (hec)    (000 tonnes)
  --------------------------------------------------------------------------------------------------------------------------------
  1 18 2  07 SONARPUR                    0     1160.75      10         0.012

  1 18 2  08 JAYNAGAR-I                  0     1160.75     252         0.293

  1 18 2  10 KULTALI                     0     1160.75     455         0.528

  1 18 2  11 BARUIPUR                    0     1160.75     200         0.232

  1 18 2  12 BHANGORE-I                  5      870.15      12         0.010

  1 18 2  13 BHANGORE-II                 0     1160.75      47         0.055

  1 18 3  14 CANNING-I                   0     1160.75      91         0.106

  1 18 3  15 CANNING-II                  0     1160.75     325         0.377

  1 18 3  16 BASANTI                     0     1160.75      11         0.013

  1 18 3  17 GOSABA                      0     1160.75      56         0.065

  1 18 4  18 MAGRAHAT-I                 20     1034.72     104         0.108

  1 18 4  19 MAGRAHAT-II                11      893.86      45         0.040

  1 18 4  20 MANDIRBAZAR                 0     1129.32     573         0.647

  1 18 4  21 KULPI                       0     1129.32     180         0.203

  1 18 4  22 FALTA                       0     1129.32      84         0.095

  1 18 4  23 DIAMOND HARBOUR-I          18     1128.37     984         1.110

  1 18 4  24 DIAMOND HARBOUR-II         10     1105.14     408         0.451

  1 18 4  25 MATHURAPUR-I                0     1129.32     196         0.221

  1 18 4  26 MATHURAPUR-II              12     1079.97     164         0.177

  1 18 5  27 KAKDWIP                    18     1221.51     997         1.218

  1 18 5  28 NAMKHANA                    0     1216.49     589         0.717

  1 18 5  29 SAGAR                       0     1216.49     249         0.303

  1 18 5  30 PATHARPRATIMA              15      971.78      29         0.028


  --------------------------------------------------------------------------------------------------------------------------------
    18    S.24-PARGANAS                109     1156.29    6061         7.008
  --------------------------------------------------------------------------------------------------------------------------------