          CROP: WHEAT    (06)                                                   PAGE NO:     6

                              BLOCK WISE YIELD RATE,AREA AND PRODUCTION OF  RABI   CROPS, 2013-14
  --------------------------------------------------------------------------------------------------------------------------------
  D-DT-SD BLK BLOCK NAME              NCCE    DRY YR     AREA       DRY PRODN
                                             (kg/hec)    (hec)    (000 tonnes)
  --------------------------------------------------------------------------------------------------------------------------------
  3 06 1  01 CHANCHAL-I                 20     3183.83    2064         6.571

  3 06 1  02 CHANCHAL-II                20     3456.46    3533        12.212

  3 06 1  03 HARISHCHANDRAPUR-I         20     2498.46    2080         5.197

  3 06 1  04 HARISHCHANDRAPUR-II        20     3179.43    1788         5.685

  3 06 1  05 RATUA-I                    20     3155.84    4643        14.653

  3 06 1  06 RATUA-II                   18     2919.35    2530         7.386

  3 06 1  07 MANIKCHAK                  20     2381.96    7418        17.669

  3 06 1  08 GAJOLE                     16     3548.98    5958        21.145

  3 06 1  09 BAMANGOLA                  20     2263.78     497         1.125

  3 06 1  10 OLD MALDA                  20     2819.08     369         1.040

  3 06 1  11 HABIBPUR                   19     2727.46     454         1.238

  3 06 1  12 ENGLISHBAZAR               20     2891.15    2348         6.788

  3 06 1  13 KALIACHAK-I                19     3392.26    1951         6.618

  3 06 1  14 KALIACHAK-II               19     3007.24    1353         4.069

  3 06 1  15 KALIACHAK-III              20     2619.14    7745        20.285


  --------------------------------------------------------------------------------------------------------------------------------
    06    MALDA                        291     2943.86   44731       131.682
  --------------------------------------------------------------------------------------------------------------------------------