          CROP: SUGARCANE(16)                                                   PAGE NO:     5

                              BLOCK WISE YIELD RATE,AREA AND PRODUCTION OF  RABI   CROPS, 2013-14
  --------------------------------------------------------------------------------------------------------------------------------
  D-DT-SD BLK BLOCK NAME              NCCE    DRY YR     AREA       DRY PRODN
                                             (kg/hec)    (hec)    (000 tonnes)
  --------------------------------------------------------------------------------------------------------------------------------
  3 06 1  01 CHANCHAL-I                  0   102365.85      19         1.945

  3 06 1  02 CHANCHAL-II                 0   102365.85       4         0.409

  3 06 1  03 HARISHCHANDRAPUR-I          0   102365.85      15         1.535

  3 06 1  04 HARISHCHANDRAPUR-II         0   102365.85     124        12.693

  3 06 1  05 RATUA-I                     0   102365.85     101        10.339

  3 06 1  06 RATUA-II                    0   102365.85      43         4.402

  3 06 1  07 MANIKCHAK                  10    94452.12     493        46.565

  3 06 1  08 GAJOLE                      0   102365.85       1         0.102

  3 06 1  09 BAMANGOLA                   0   102365.85       3         0.307

  3 06 1  10 OLD MALDA                   0   102365.85      29         2.969

  3 06 1  12 ENGLISHBAZAR               18    89185.57       9         0.803

  3 06 1  13 KALIACHAK-I                12   105381.83      26         2.740

  3 06 1  14 KALIACHAK-II               20   106280.13    1007       107.024

  3 06 1  15 KALIACHAK-III               0   102365.85     179        18.323


  --------------------------------------------------------------------------------------------------------------------------------
    06    MALDA                         60   102365.85    2053       210.157
  --------------------------------------------------------------------------------------------------------------------------------