          CROP: BORO     (17)                                                   PAGE NO:     6

                              BLOCK WISE YIELD RATE,AREA AND PRODUCTION OF  SUMMER CROPS, 2013-14
  --------------------------------------------------------------------------------------------------------------------------------
  D-DT-SD BLK BLOCK NAME              NCCE    DRY YR     AREA       DRY PRODN   YR CLRICE   PRODN CLRICE
                                             (kg/hec)    (hec)    (000 tonnes)  (kg/hec)    (000 tonnes)
  --------------------------------------------------------------------------------------------------------------------------------
  3 06 1  01 CHANCHAL-I                 20     5770.20    6952        40.114     3846.80       26.743

  3 06 1  02 CHANCHAL-II                20     5692.17    6910        39.333     3794.78       26.222

  3 06 1  03 HARISCHANDRAPUR-I          17     6939.71    4843        33.609     4626.47       22.406

  3 06 1  04 HARISCHANDRAPUR-II         20     6423.12    6428        41.288     4282.08       27.525

  3 06 1  05 RATUA-I                    17     6215.55    4504        27.995     4143.70       18.663

  3 06 1  06 RATUA-II                   18     4864.66    5593        27.208     3243.11       18.139

  3 06 1  07 MANIKCHAK                  18     5414.52    1094         5.923     3609.68        3.949

  3 06 1  08 GAJOLE                     17     6134.17    5995        36.774     4089.45       24.516

  3 06 1  09 BAMANGOLA                  18     4762.36    3697        17.606     3174.91       11.738

  3 06 1  10 OLD MALDA                  19     5891.79    3751        22.100     3927.86       14.733

  3 06 1  11 HABIBPUR                   20     6129.96    5280        32.366     4086.64       21.577

  3 06 1  12 ENGLISHBAZAR               20     6030.19    1779        10.728     4020.13        7.152

  3 06 1  13 KALIACHAK-I                19     6619.64     439         2.906     4413.09        1.937

  3 06 1  14 KALIACHAK-II                0     5903.38     922         5.443     3935.59        3.629

  3 06 1  15 KALIACHAK-III              17     5947.56    1838        10.932     3965.04        7.288


  --------------------------------------------------------------------------------------------------------------------------------
    06    MALDA                        260     5902.97   60025       354.326     3935.31      236.217
  --------------------------------------------------------------------------------------------------------------------------------