          CROP: GRAM     (08)                                                   PAGE NO:     3

                              BLOCK WISE YIELD RATE,AREA AND PRODUCTION OF  RABI   CROPS, 2013-14
  --------------------------------------------------------------------------------------------------------------------------------
  D-DT-SD BLK BLOCK NAME              NCCE    DRY YR     AREA       DRY PRODN
                                             (kg/hec)    (hec)    (000 tonnes)
  --------------------------------------------------------------------------------------------------------------------------------
  3 06 1  01 CHANCHAL-I                  0     1139.53      64         0.073

  3 06 1  02 CHANCHAL-II                 0     1139.53     107         0.122

  3 06 1  03 HARISHCHANDRAPUR-I          0     1139.53      46         0.052

  3 06 1  04 HARISHCHANDRAPUR-II         0     1139.53     113         0.129

  3 06 1  05 RATUA-I                    12      766.60     343         0.263

  3 06 1  06 RATUA-II                   20      832.44     651         0.542

  3 06 1  07 MANIKCHAK                  20      827.12     207         0.171

  3 06 1  08 GAJOLE                      0     1139.53      48         0.055

  3 06 1  09 BAMANGOLA                   0     1139.53      14         0.016

  3 06 1  10 OLD MALDA                   0     1139.53      38         0.043

  3 06 1  11 HABIBPUR                    0     1139.53      92         0.105

  3 06 1  12 ENGLISHBAZAR               20     1675.84     658         1.103

  3 06 1  13 KALIACHAK-I                 0     1139.53      65         0.074

  3 06 1  14 KALIACHAK-II               10     1461.15      49         0.072

  3 06 1  15 KALIACHAK-III               0     1139.53     703         0.801


  --------------------------------------------------------------------------------------------------------------------------------
    06    MALDA                         82     1132.07    3198         3.620
  --------------------------------------------------------------------------------------------------------------------------------