          CROP: MUSUR    (09)                                                   PAGE NO:     6

                              BLOCK WISE YIELD RATE,AREA AND PRODUCTION OF  RABI   CROPS, 2013-14
  --------------------------------------------------------------------------------------------------------------------------------
  D-DT-SD BLK BLOCK NAME              NCCE    DRY YR     AREA       DRY PRODN
                                             (kg/hec)    (hec)    (000 tonnes)
  --------------------------------------------------------------------------------------------------------------------------------
  3 06 1  01 CHANCHAL-I                 20      841.33     293         0.247

  3 06 1  02 CHANCHAL-II                20      841.73     341         0.287

  3 06 1  03 HARISHCHANDRAPUR-I         20      708.74      42         0.030

  3 06 1  04 HARISHCHANDRAPUR-II        20      601.74      33         0.020

  3 06 1  05 RATUA-I                    16      866.99      71         0.062

  3 06 1  06 RATUA-II                   19     1024.68     407         0.417

  3 06 1  07 MANIKCHAK                  19      987.07     859         0.848

  3 06 1  08 GAJOLE                      8      859.70     100         0.086

  3 06 1  09 BAMANGOLA                   2      991.38      26         0.026

  3 06 1  10 OLD MALDA                  18      820.18       8         0.007

  3 06 1  11 HABIBPUR                   20      648.06      30         0.019

  3 06 1  12 ENGLISHBAZAR                0      995.12     400         0.398

  3 06 1  13 KALIACHAK-I                 0      995.12      95         0.095

  3 06 1  14 KALIACHAK-II                0      995.12      69         0.069

  3 06 1  15 KALIACHAK-III              18     1152.44     971         1.119


  --------------------------------------------------------------------------------------------------------------------------------
    06    MALDA                        200      995.37    3745         3.728
  --------------------------------------------------------------------------------------------------------------------------------