          CROP: MAIZE    (03)                                                   PAGE NO:     5

                              BLOCK WISE YIELD RATE,AREA AND PRODUCTION OF  BHADUI CROPS, 2013-14
  --------------------------------------------------------------------------------------------------------------------------------
  D-DT-SD BLK BLOCK NAME              NCCE    DRY YR     AREA       DRY PRODN
                                             (kg/hec)    (hec)    (000 tonnes)
  --------------------------------------------------------------------------------------------------------------------------------
  3 06 1  01 CHANCHAL-I                  0     3813.19      36         0.137

  3 06 1  02 CHANCHAL-II                 0     3813.19      25         0.095

  3 06 1  03 HARISCHANDRAPUR-I           0     3813.19     303         1.155

  3 06 1  04 HARISCHANDRAPUR-II          0     3813.19     617         2.353

  3 06 1  05 RATUA-I                    18     3560.78     649         2.311

  3 06 1  06 RATUA-II                    8     3446.53     691         2.382

  3 06 1  07 MANIKCHAK                  19     3775.81     801         3.024

  3 06 1  08 GAJOLE                      0     3813.19      17         0.065

  3 06 1  09 BAMANGOLA                   0     3813.19      10         0.038

  3 06 1  10 OLD MALDA                  12     3899.95     189         0.737

  3 06 1  11 HABIBPUR                    0     3813.19       5         0.019

  3 06 1  12 ENGLISHBAZAR               18     4101.16     247         1.013

  3 06 1  13 KALIACHAK-I                14     4252.71      75         0.319

  3 06 1  14 KALIACHAK-II               20     4535.12     407         1.846

  3 06 1  15 KALIACHAK-III              18     4042.82     157         0.635


  --------------------------------------------------------------------------------------------------------------------------------
    06    MALDA                        127     3813.96    4229        16.129
  --------------------------------------------------------------------------------------------------------------------------------