          CROP: KHESARI  (12)                                                   PAGE NO:     6

                              BLOCK WISE YIELD RATE,AREA AND PRODUCTION OF  RABI   CROPS, 2013-14
  --------------------------------------------------------------------------------------------------------------------------------
  D-DT-SD BLK BLOCK NAME              NCCE    DRY YR     AREA       DRY PRODN
                                             (kg/hec)    (hec)    (000 tonnes)
  --------------------------------------------------------------------------------------------------------------------------------
  3 06 1  01 CHANCHAL-I                  0     1165.22      85         0.099

  3 06 1  02 CHANCHAL-II                 0     1165.22      60         0.070

  3 06 1  03 HARISHCHANDRAPUR-I          0     1165.22      98         0.114

  3 06 1  04 HARISHCHANDRAPUR-II         0     1165.22     210         0.245

  3 06 1  05 RATUA-I                     0     1165.22      42         0.049

  3 06 1  06 RATUA-II                    9     1101.55     580         0.639

  3 06 1  07 MANIKCHAK                   6      835.89      75         0.063

  3 06 1  08 GAJOLE                      0     1165.22      60         0.070

  3 06 1  10 OLD MALDA                  10     1081.17     328         0.355

  3 06 1  11 HABIBPUR                    0     1165.22     109         0.127

  3 06 1  12 ENGLISHBAZAR                6      754.59      78         0.059

  3 06 1  13 KALIACHAK-I                 2     1167.05      19         0.022

  3 06 1  14 KALIACHAK-II               12     1350.21     672         0.907

  3 06 1  15 KALIACHAK-III               0     1165.22      67         0.078


  --------------------------------------------------------------------------------------------------------------------------------
    06    MALDA                         45     1166.48    2483         2.896
  --------------------------------------------------------------------------------------------------------------------------------