          CROP: MUSTARD  (15)                                                   PAGE NO:     6

                              BLOCK WISE YIELD RATE,AREA AND PRODUCTION OF  RABI   CROPS, 2013-14
  --------------------------------------------------------------------------------------------------------------------------------
  D-DT-SD BLK BLOCK NAME              NCCE    DRY YR     AREA       DRY PRODN
                                             (kg/hec)    (hec)    (000 tonnes)
  --------------------------------------------------------------------------------------------------------------------------------
  3 06 1  01 CHANCHAL-I                 19     1023.47    2523         2.582

  3 06 1  02 CHANCHAL-II                20      806.61     940         0.758

  3 06 1  03 HARISHCHANDRAPUR-I         20      851.14     478         0.407

  3 06 1  04 HARISHCHANDRAPUR-II        20      983.16    3431         3.373

  3 06 1  05 RATUA-I                    19     1075.09    1302         1.400

  3 06 1  06 RATUA-II                   19     1182.80    8506        10.061

  3 06 1  07 MANIKCHAK                  19      953.57     401         0.382

  3 06 1  08 GAJOLE                     17      876.30    1020         0.894

  3 06 1  09 BAMANGOLA                  20      963.34    2781         2.679

  3 06 1  10 OLD MALDA                  20     1008.45    1430         1.442

  3 06 1  11 HABIBPUR                   19      920.31    1053         0.969

  3 06 1  12 ENGLISHBAZAR               20     1128.01     443         0.500

  3 06 1  13 KALIACHAK-I                18     1226.95    9522        11.683

  3 06 1  14 KALIACHAK-II               16      815.89     691         0.564

  3 06 1  15 KALIACHAK-III              19      832.96     728         0.606


  --------------------------------------------------------------------------------------------------------------------------------
    06    MALDA                        285     1086.57   35249        38.300
  --------------------------------------------------------------------------------------------------------------------------------