          CROP: JUTE     (01)                                                   PAGE NO:     6

                              BLOCK WISE YIELD RATE,AREA AND PRODUCTION OF  BHADUI CROPS, 2013-14
  --------------------------------------------------------------------------------------------------------------------------------
  D-DT-SD BLK BLOCK NAME              NCCE    DRY YR     AREA       DRY PRODN
                                              (bales/hec)(hec)    ('000 bales)
  --------------------------------------------------------------------------------------------------------------------------------
  3 06 1  01 CHANCHAL-I                 20       16.70    4387        73.263

  3 06 1  02 CHANCHAL-II                20       18.59    2390        44.430

  3 06 1  03 HARISCHANDRAPUR-I          20       14.92    3727        55.607

  3 06 1  04 HARISCHANDRAPUR-II         20       16.25    1719        27.934

  3 06 1  05 RATUA-I                    17       15.33    3270        50.129

  3 06 1  06 RATUA-II                   18       18.06    3057        55.209

  3 06 1  07 MANIKCHAK                  19       13.39    1717        22.991

  3 06 1  08 GAJOLE                     17       17.19     346         5.948

  3 06 1  09 BAMANGOLA                  20       12.98     165         2.142

  3 06 1  10 OLD MALDA                  20       16.78     210         3.524

  3 06 1  11 HABIBPUR                   16       16.20     125         2.025

  3 06 1  12 ENGLISHBAZAR               12       22.54     263         5.928

  3 06 1  13 KALIACHAK-I                19       13.88     719         9.980

  3 06 1  14 KALIACHAK-II               20       14.24     497         7.077

  3 06 1  15 KALIACHAK-III              20       14.65    2045        29.959


  --------------------------------------------------------------------------------------------------------------------------------
    06    MALDA                        278       16.08   24637       396.145
  --------------------------------------------------------------------------------------------------------------------------------