          CROP: AMAN     (05)                                                   PAGE NO:     6

                              BLOCK WISE YIELD RATE,AREA AND PRODUCTION OF  WINTER CROPS, 2013-14
  --------------------------------------------------------------------------------------------------------------------------------
  D-DT-SD BLK BLOCK NAME              NCCE    DRY YR     AREA       DRY PRODN   YR CLRICE   PRODN CLRICE
                                             (kg/hec)    (hec)    (000 tonnes)  (kg/hec)    (000 tonnes)
  --------------------------------------------------------------------------------------------------------------------------------
  3 06 1  01 CHANCHAL-I                 16     4665.75   11358        52.994     3110.50       35.329

  3 06 1  02 CHANCHAL-II                16     3989.01    1643         6.554     2659.34        4.369

  3 06 1  03 HARISCHANDRAPUR-I          16     4513.97    9848        44.454     3009.31       29.636

  3 06 1  04 HARISCHANDRAPUR-II         16     5025.85   35048       176.146     3350.57      117.431

  3 06 1  05 RATUA-I                    16     4433.73    1132         5.019     2955.82        3.346

  3 06 1  06 RATUA-II                   16     4863.01    5960        28.984     3242.01       19.322

  3 06 1  07 MANIKCHAK                  16     3608.37    1143         4.124     2405.58        2.750

  3 06 1  08 GAJOLE                     16     4966.80   29577       146.903     3311.20       97.935

  3 06 1  09 BAMANGOLA                  16     4209.58    1502         6.323     2806.39        4.215

  3 06 1  10 OLD MALDA                  16     3458.85    1201         4.154     2305.90        2.769

  3 06 1  11 HABIBPUR                   16     3937.89    1967         7.746     2625.26        5.164

  3 06 1  12 ENGLISHBAZAR               16     6111.46   32122       196.312     4074.31      130.875

  3 06 1  13 KALIACHAK-I                16     3578.79     307         1.099     2385.86        0.732

  3 06 1  14 KALIACHAK-II               16     3305.38     385         1.273     2203.59        0.848

  3 06 1  15 KALIACHAK-III              16     4539.60    2436        11.058     3026.40        7.372


  --------------------------------------------------------------------------------------------------------------------------------
    06    MALDA                        240     5110.57  135629       693.142     3407.05      462.095
  --------------------------------------------------------------------------------------------------------------------------------