          CROP: AUS      (02)                                                   PAGE NO:     6

                              BLOCK WISE YIELD RATE,AREA AND PRODUCTION OF  BHADUI CROPS, 2013-14
  --------------------------------------------------------------------------------------------------------------------------------
  D-DT-SD BLK BLOCK NAME              NCCE    DRY YR     AREA       DRY PRODN   YR CLRICE   PRODN CLRICE
                                             (kg/hec)    (hec)    (000 tonnes)  (kg/hec)    (000 tonnes)
  --------------------------------------------------------------------------------------------------------------------------------
  3 06 1  01 CHANCHAL-I                  0     2914.29      21         0.061     1942.86        0.041

  3 06 1  02 CHANCHAL-II                 0     2914.29      13         0.038     1942.86        0.025

  3 06 1  03 HARISCHANDRAPUR-I           0     2914.29      93         0.271     1942.86        0.181

  3 06 1  04 HARISCHANDRAPUR-II          0     2914.29      21         0.061     1942.86        0.041

  3 06 1  05 RATUA-I                     0     2914.29     127         0.370     1942.86        0.247

  3 06 1  06 RATUA-II                    0     2914.29      27         0.079     1942.86        0.052

  3 06 1  07 MANIKCHAK                   0     2914.29     202         0.589     1942.86        0.392

  3 06 1  08 GAJOLE                      0     2914.29      61         0.178     1942.86        0.119

  3 06 1  09 BAMANGOLA                   0     2914.29      15         0.044     1942.86        0.029

  3 06 1  10 OLD MALDA                   0     2914.29     705         2.055     1942.86        1.370

  3 06 1  11 HABIBPUR                    0     2914.29      97         0.283     1942.86        0.188

  3 06 1  12 ENGLISHBAZAR                0     2914.29     316         0.921     1942.86        0.614

  3 06 1  13 KALIACHAK-I                 0     2914.29      23         0.067     1942.86        0.045

  3 06 1  14 KALIACHAK-II                0     2914.29     193         0.562     1942.86        0.375

  3 06 1  15 KALIACHAK-III               0     2914.29    1202         3.503     1942.86        2.335


  --------------------------------------------------------------------------------------------------------------------------------
    06    MALDA                          0     2914.29    3116         9.081     1942.86        6.054
  --------------------------------------------------------------------------------------------------------------------------------