          CROP: AUS      (02)                                                   PAGE NO:    15

                              BLOCK WISE YIELD RATE,AREA AND PRODUCTION OF  BHADUI CROPS, 2014-15
  --------------------------------------------------------------------------------------------------------------------------------
  D-DT-SD BLK BLOCK NAME              NCCE    DRY YR     AREA       DRY PRODN   YR CLRICE   PRODN CLRICE
                                             (kg/hec)    (hec)    (000 tonnes)  (kg/hec)    (000 tonnes)
  --------------------------------------------------------------------------------------------------------------------------------
  2 15 1  01 MIDNAPUR SADAR             16     3673.60    1862         6.840     2449.07        4.560

  2 15 1  02 SALBONI                    40     4460.65    3247        14.484     2973.77        9.656

  2 15 1  03 KESHPUR                     0     3651.33     229         0.836     2434.22        0.557

  2 15 1  04 GARBETA-I                  48     3999.11    2440         9.758     2666.07        6.505

  2 15 1  05 GARBETA-II                 14     3514.56       0         0.000     2343.04        0.000

  2 15 1  06 GARBETA-III                12     3074.02    5769        17.734     2049.35       11.823

  2 15 2  08 KHARAGPUR-II               20     3584.92     899         3.223     2389.95        2.149

  2 15 2  09 DEBRA                      31     3582.45     744         2.665     2388.30        1.777

  2 15 2  10 PINGLA                     40     3373.57    1526         5.148     2249.05        3.432

  2 15 2  11 KESHIARY                   10     3106.84     412         1.280     2071.23        0.853

  2 15 2  12 DANTAN-I                   10     4270.54       0         0.000     2847.03        0.000

  2 15 2  13 DANTAN-II                  10     4131.37      10         0.041     2754.25        0.028

  2 15 2  14 NARAYANGARH                12     3315.75     194         0.643     2210.50        0.429

  2 15 2  15 MOHANPUR                    1     3568.38       0         0.000     2378.92        0.000

  2 15 2  16 SABONG                     52     3645.63    7314        26.664     2430.42       17.776

  2 15 3  17 JHARGRAM                   16     3353.92     301         1.010     2235.95        0.673

  2 15 3  18 BINPUR-I                   20     3079.63      19         0.059     2053.09        0.039

  2 15 3  20 JAMBONI                     7     1227.35       0         0.000      818.23        0.000

  2 15 3  21 NAYAGRAM                    3     3523.98     593         2.090     2349.32        1.393

  2 15 3  22 SANKRAIL                   32     4005.52    2891        11.580     2670.35        7.720

  2 15 3  23 GOPIBALLAVPUR-I            28     3553.82    2554         9.076     2369.21        6.051

  2 15 3  24 GOPIBALLAVPUR-II            0     3569.76    1198         4.277     2379.84        2.851

  2 15 4  25 GHATAL                      0     3239.95     918         2.974     2159.97        1.983

  2 15 4  26 DASPUR-I                    0     3239.95       8         0.026     2159.97        0.017

  2 15 4  28 CHANDRAKONA-I              14     4788.51       0         0.000     3192.34        0.000

  2 15 4  29 CHANDRAKONA-II             16     3251.20      13         0.042     2167.47        0.028

  --------------------------------------------------------------------------------------------------------------------------------
    15    PASCHIM MEDINIPUR            452     3634.48   33141       120.450     2422.99       80.300
  --------------------------------------------------------------------------------------------------------------------------------
