          CROP: MUSTARD  (15)                                                   PAGE NO:    17

                              BLOCK WISE YIELD RATE,AREA AND PRODUCTION OF  RABI   CROPS, 2014-15
  --------------------------------------------------------------------------------------------------------------------------------
  D-DT-SD BLK BLOCK NAME              NCCE    DRY YR     AREA       DRY PRODN
                                             (kg/hec)    (hec)    (000 tonnes)
  --------------------------------------------------------------------------------------------------------------------------------
  2 15 1  01 MEDINIPUR SADAR            16      519.08     103         0.053

  2 15 1  02 SALBONI                    16      891.65    1802         1.607

  2 15 1  03 KESHPUR                    16      660.69    2193         1.449

  2 15 1  04 GARHBETA-I                 16      991.96     316         0.313

  2 15 1  05 GARHBETA-II                16      756.22     348         0.263

  2 15 1  06 GARHBETA-III               16      604.96     382         0.231

  2 15 2  07 KHARAGPUR-I                12     1042.98     107         0.112

  2 15 2  08 KHARAGPUR-II                6     1132.36       1         0.001

  2 15 2  09 DEBRA                      16      652.57     436         0.285

  2 15 2  10 PINGLA                     16      723.01    1036         0.749

  2 15 2  11 KESHIARY                    9      768.40     119         0.091

  2 15 2  12 DANTAN-I                   10      824.13       1         0.001

  2 15 2  13 DANTAN-II                   3      795.57      60         0.048

  2 15 2  14 NARAYANGARH                12      801.87     161         0.129

  2 15 2  15 MOHANPUR                    5      815.73       1         0.001

  2 15 2  16 SABONG                     16      891.83    1783         1.590

  2 15 3  17 JHARGRAM                   16      781.50     290         0.227

  2 15 3  18 BINPUR-I                   16      586.91     791         0.464

  2 15 3  19 BINPUR-II                  16      650.82     301         0.196

  2 15 3  20 JAMBONI                    12      432.04     120         0.052

  2 15 3  21 NAYAGRAM                    2      744.87      14         0.010

  2 15 3  22 SANKRAIL                   14      973.59     347         0.338

  2 15 3  23 GOPIBALLAVPUR-I            16     1231.45     267         0.329

  2 15 3  24 GOPIBALLAVPUR-II           16      688.31     301         0.207
          CROP: MUSTARD  (15)                                                   PAGE NO:    18

                              BLOCK WISE YIELD RATE,AREA AND PRODUCTION OF  RABI   CROPS, 2014-15
  --------------------------------------------------------------------------------------------------------------------------------
  D-DT-SD BLK BLOCK NAME              NCCE    DRY YR     AREA       DRY PRODN
                                             (kg/hec)    (hec)    (000 tonnes)
  --------------------------------------------------------------------------------------------------------------------------------
  2 15 4  25 GHATAL                     16      742.37     485         0.360

  2 15 4  26 DASPUR-I                   15      433.65    1326         0.575

  2 15 4  27 DASPUR-II                  16      529.37     489         0.259

  2 15 4  28 CHANDRAKONA-I              16      720.66     765         0.551

  2 15 4  29 CHANDRAKONA-II             16      796.18     322         0.256


  --------------------------------------------------------------------------------------------------------------------------------
    15    PASCHIM MEDINIPUR            388      732.78   14667        10.748
  --------------------------------------------------------------------------------------------------------------------------------