          CROP: AMAN     (05) 

                              BLOCK WISE YIELD RATE,AREA AND PRODUCTION OF  WINTER CROPS, 2014-15
  --------------------------------------------------------------------------------------------------------------------------------
  D-DT-SD BLK BLOCK NAME              NCCE    DRY YR     AREA       DRY PRODN   YR CLRICE   PRODN CLRICE
                                             (kg/hec)    (hec)    (000 tonnes)  (kg/hec)    (000 tonnes)
  --------------------------------------------------------------------------------------------------------------------------------
  2 15 1  01 MIDNAPUR SADAR             36     3537.02   12851        45.454     2358.01       30.303

  2 15 1  02 SALBONI                    40     4634.40   19298        89.435     3089.60       59.623

  2 15 1  03 KESHPUR                    60     3691.08   31380       115.826     2460.72       77.217

  2 15 1  04 GARBETA-I                  48     4543.53   13805        62.723     3029.02       41.816

  2 15 1  05 GARBETA-II                 40     2862.59   20990        60.086     1908.39       40.057

  2 15 1  06 GARBETA-III                28     3056.10    9245        28.254     2037.40       18.836

  2 15 2  07 KHARAGPUR-I                28     4598.05    8648        39.764     3065.37       26.509

  2 15 2  08 KHARAGPUR-II               20     4747.47   19526        92.699     3164.98       61.799

  2 15 2  09 DEBRA                      56     4282.15   27209       116.513     2854.77       77.675

  2 15 2  10 PINGLA                     40     3481.59   16269        56.642     2321.06       37.761

  2 15 2  11 KESHIARY                    0     4407.80   23122       101.917     2938.53       67.945

  2 15 2  12 DANTAN-I                   36     5076.33   20348       103.293     3384.22       68.862

  2 15 2  13 DANTAN-II                  20     4782.38   14547        69.569     3188.25       46.380

  2 15 2  14 NARAYANGARH                64     4201.83   37056       155.703     2801.22      103.802

  2 15 2  15 MOHANPUR                    0     4407.80   10536        46.441     2938.53       30.960

  2 15 2  16 SABONG                      0     4407.80   15912        70.137     2938.53       46.758

  2 15 3  17 JHARGRAM                   52     3610.53   34273       123.744     2407.02       82.496

  2 15 3  18 BINPUR-I                   40     3400.27   19376        65.884     2266.85       43.922

  2 15 3  19 BINPUR-II                  38     3216.63   15802        50.829     2144.42       33.886

  2 15 3  20 JAMBONI                    40     3632.35   12469        45.292     2421.57       30.195

  2 15 3  21 NAYAGRAM                   48     3337.42   16102        53.739     2224.95       35.826

  2 15 3  22 SANKRAIL                   40     3810.33   16029        61.076     2540.22       40.717

  2 15 3  23 GOPIBALLAVPUR-I            28     5244.42    8452        44.326     3496.28       29.551

  2 15 3  24 GOPIBALLAVPUR-II           28     4842.74   11572        56.040     3228.49       37.360

  2 15 4  25 GHATAL                     54     4012.68   16082        64.532     2675.12       43.021

  2 15 4  26 DASPUR-I                   40     4493.91    7219        32.442     2995.94       21.628

  2 15 4  27 DASPUR-II                  56     4020.96   11501        46.245     2680.64       30.830

  2 15 4  28 CHANDRAKONA-I              32     4694.24   15500        72.761     3129.49       48.507

  2 15 4  29 CHANDRAKONA-II             28     4641.83   11015        51.130     3094.55       34.087

  --------------------------------------------------------------------------------------------------------------------------------
    15    PASCHIM MEDINIPUR           1040     4076.51  496134      2022.494     2717.67     1348.329
  --------------------------------------------------------------------------------------------------------------------------------
