          CROP: TIL      (18)                                                   PAGE NO:    17

                              BLOCK WISE YIELD RATE,AREA AND PRODUCTION OF  SUMMER CROPS, 2014-15
  --------------------------------------------------------------------------------------------------------------------------------
  D-DT-SD BLK BLOCK NAME              NCCE    DRY YR     AREA       DRY PRODN
                                             (kg/hec)    (hec)    (000 tonnes)
  --------------------------------------------------------------------------------------------------------------------------------
  2 15 1  01 MIDNAPUR SADAR              6     1118.87     536         0.600

  2 15 1  02 SALBONI                    16      881.94    2683         2.366

  2 15 1  03 KESHPUR                    16      848.49   13036        11.061

  2 15 1  04 GARBETA-I                  16      476.38   11078         5.277

  2 15 1  05 GARBETA-II                 16      484.55    5381         2.607

  2 15 1  06 GARBETA-III                16      617.78    8333         5.148

  2 15 2  07 KHARAGPUR-I                12     1146.90     887         1.017

  2 15 2  08 KHARAGPUR-II               15     1263.99     310         0.392

  2 15 2  09 DEBRA                      16      982.55     892         0.876

  2 15 2  10 PINGLA                     16     1111.21     136         0.151

  2 15 2  11 KESHIARY                   16     1175.42    2553         3.001

  2 15 2  12 DANTAN-I                   16     1109.56     857         0.951

  2 15 2  13 DANTAN-II                   4     1141.53     414         0.473

  2 15 2  14 NARAYANGARH                16     1092.70    2082         2.275

  2 15 2  15 MOHANPUR                    7     1018.25       1         0.001

  2 15 2  16 SABONG                     16     1336.10     247         0.330

  2 15 3  17 JHARGRAM                   16      742.26     505         0.375

  2 15 3  18 BINPUR-I                   16     1116.26    2586         2.887

  2 15 3  19 BINPUR-II                   8      838.24       1         0.001

  2 15 3  20 JAMBONI                    12      906.53     358         0.325

  2 15 3  21 NAYAGRAM                   14      847.60     433         0.367

  2 15 3  22 SANKRAIL                   16     1071.21     313         0.335

  2 15 3  23 GOPIBALLAVPUR-I            16      924.50       8         0.007

  2 15 3  24 GOPIBALLAVPUR-II           16      739.40     768         0.568
          CROP: TIL      (18)                                                   PAGE NO:    18

                              BLOCK WISE YIELD RATE,AREA AND PRODUCTION OF  SUMMER CROPS, 2014-15
  --------------------------------------------------------------------------------------------------------------------------------
  D-DT-SD BLK BLOCK NAME              NCCE    DRY YR     AREA       DRY PRODN
                                             (kg/hec)    (hec)    (000 tonnes)
  --------------------------------------------------------------------------------------------------------------------------------
  2 15 4  25 GHATAL                     16     1182.53    2261         2.674

  2 15 4  26 DASPUR-I                   16      715.63    2358         1.687

  2 15 4  27 DASPUR-II                  16      940.62     358         0.337

  2 15 4  28 CHANDRAKONA-I              16      855.70    7449         6.374

  2 15 4  29 CHANDRAKONA-II             16      833.90    7256         6.051


  --------------------------------------------------------------------------------------------------------------------------------
    15    PASCHIM MEDINIPUR            414      789.87   74080        58.514
  --------------------------------------------------------------------------------------------------------------------------------