          CROP: WHEAT    (06)                                                   PAGE NO:    17

                              BLOCK WISE YIELD RATE,AREA AND PRODUCTION OF  RABI   CROPS, 2014-15
  --------------------------------------------------------------------------------------------------------------------------------
  D-DT-SD BLK BLOCK NAME              NCCE    DRY YR     AREA       DRY PRODN
                                             (kg/hec)    (hec)    (000 tonnes)
  --------------------------------------------------------------------------------------------------------------------------------
  2 15 1  01 MEDINIPUR SADAR             4     2065.88     285         0.589

  2 15 1  02 SALBONI                    16     2199.23    1757         3.864

  2 15 1  03 KESHPUR                     4     2068.55     717         1.483

  2 15 1  04 GARHBETA-I                  0     2075.11     104         0.216

  2 15 1  05 GARHBETA-II                 5     2111.61     438         0.925

  2 15 1  06 GARHBETA-III                8     1759.99     234         0.412

  2 15 2  09 DEBRA                       3     2157.06      71         0.153

  2 15 2  10 PINGLA                      0     2133.95      25         0.053

  2 15 2  16 SABONG                      1     2152.69       1         0.002

  2 15 3  17 JHARGRAM                    2     2151.71     182         0.392

  2 15 3  18 BINPUR-I                    0     2133.95     427         0.911

  2 15 3  19 BINPUR-II                   1     2127.50     220         0.468

  2 15 3  20 JAMBONI                     0     2133.95      58         0.124

  2 15 3  21 NAYAGRAM                    0     2133.95      23         0.049

  2 15 3  22 SANKRAIL                    0     2133.95     160         0.341

  2 15 3  23 GOPIBALLAVPUR-I             0     2133.95     207         0.442

  2 15 3  24 GOPIBALLAVPUR-II            0     2133.95     672         1.434

  2 15 4  25 GHATAL                      0     2133.95      24         0.051

  2 15 4  26 DASPUR-I                    0     2133.95      22         0.047

  2 15 4  28 CHANDRAKONA-I               0     2133.95     112         0.239

  2 15 4  29 CHANDRAKONA-II              0     2133.95      30         0.064


  --------------------------------------------------------------------------------------------------------------------------------
    15    PASCHIM MEDINIPUR             44     2125.02    5769        12.259
  --------------------------------------------------------------------------------------------------------------------------------