          CROP: BORO     (17)                                                   PAGE NO:    15

                              BLOCK WISE YIELD RATE,AREA AND PRODUCTION OF  SUMMER CROPS, 2014-15
  --------------------------------------------------------------------------------------------------------------------------------
  D-DT-SD BLK BLOCK NAME              NCCE    DRY YR     AREA       DRY PRODN   YR CLRICE   PRODN CLRICE
                                             (kg/hec)    (hec)    (000 tonnes)  (kg/hec)    (000 tonnes)
  --------------------------------------------------------------------------------------------------------------------------------
  2 15 1  01 MIDNAPUR SADAR             36     5963.67     490         2.922     3975.78        1.948

  2 15 1  02 SALBONI                    40     5029.19     929         4.672     3352.79        3.115

  2 15 1  03 KESHPUR                    60     4190.44   14671        61.478     2793.63       40.985

  2 15 1  04 GARBETA-I                  48     5604.23    1303         7.302     3736.15        4.868

  2 15 1  05 GARBETA-II                  0     4474.98     930         4.162     2983.32        2.774

  2 15 1  06 GARBETA-III                32     5455.02    1760         9.601     3636.68        6.401

  2 15 2  07 KHARAGPUR-I                28     5140.46    1565         8.045     3426.97        5.363

  2 15 2  08 KHARAGPUR-II               32     5722.42   15579        89.150     3814.95       59.433

  2 15 2  09 DEBRA                      56     5073.16   15150        76.858     3382.11       51.239

  2 15 2  10 PINGLA                     40     3665.25   15397        56.434     2443.50       37.623

  2 15 2  11 KESHIARY                   36     3358.61    7666        25.747     2239.07       17.165

  2 15 2  12 DANTAN-I                   36     3364.82    8081        27.191     2243.21       18.127

  2 15 2  13 DANTAN-II                  20     3509.84   12916        45.333     2339.89       30.222

  2 15 2  14 NARAYANGARH                64     4522.35   25507       115.352     3014.90       76.901

  2 15 2  15 MOHANPUR                   20     3606.88   10457        37.717     2404.59       25.145

  2 15 2  16 SABONG                     52     3436.65   22354        76.823     2291.10       51.215

  2 15 3  17 JHARGRAM                   48     6197.58    1169         7.245     4131.72        4.830

  2 15 3  18 BINPUR-I                   36     5335.11     731         3.900     3556.74        2.600

  2 15 3  19 BINPUR-II                  28     4055.82       7         0.028     2703.88        0.019

  2 15 3  20 JAMBONI                    36     4189.22      62         0.260     2792.81        0.173

  2 15 3  21 NAYAGRAM                   48     5182.52     124         0.643     3455.01        0.428

  2 15 3  22 SANKRAIL                   40     4291.94    2974        12.764     2861.29        8.509

  2 15 3  23 GOPIBALLAVPUR-I            28     5692.16     659         3.751     3794.77        2.501

  2 15 3  24 GOPIBALLAVPUR-II           28     6494.88    2836        18.419     4329.92       12.280
          CROP: BORO     (17)                                                   PAGE NO:    16

                              BLOCK WISE YIELD RATE,AREA AND PRODUCTION OF  SUMMER CROPS, 2014-15
  --------------------------------------------------------------------------------------------------------------------------------
  D-DT-SD BLK BLOCK NAME              NCCE    DRY YR     AREA       DRY PRODN   YR CLRICE   PRODN CLRICE
                                             (kg/hec)    (hec)    (000 tonnes)  (kg/hec)    (000 tonnes)
  --------------------------------------------------------------------------------------------------------------------------------
  2 15 4  25 GHATAL                     56     5312.12    8153        43.310     3541.41       28.873

  2 15 4  26 DASPUR-I                   40     5196.51    6724        34.941     3464.34       23.294

  2 15 4  27 DASPUR-II                  54     5508.60    9741        53.659     3672.40       35.773

  2 15 4  28 CHANDRAKONA-I              32     5190.05    6595        34.228     3460.03       22.819

  2 15 4  29 CHANDRAKONA-II             20     6102.64    1430         8.727     4068.43        5.818


  --------------------------------------------------------------------------------------------------------------------------------
    15    PASCHIM MEDINIPUR           1094     4443.06  195960       870.663     2962.04      580.442
  --------------------------------------------------------------------------------------------------------------------------------