          CROP: MUSUR    (09)                                                   PAGE NO:     6

                              BLOCK WISE YIELD RATE,AREA AND PRODUCTION OF  RABI   CROPS, 2015-16
  --------------------------------------------------------------------------------------------------------------------------------
  D-DT-SD BLK BLOCK NAME              NCCE    DRY YR     AREA       DRY PRODN
                                             (kg/hec)    (hec)    (000 tonnes)
  --------------------------------------------------------------------------------------------------------------------------------
  3 06 1  01 CHANCHAL-I                 17      956.07     403         0.385

  3 06 1  02 CHANCHAL-II                16      966.66    1528         1.477

  3 06 1  03 HARISHCHANDRAPUR-I         17      928.42     445         0.413

  3 06 1  04 HARISHCHANDRAPUR-II        19     1226.87     817         1.002

  3 06 1  05 RATUA-I                    18      969.15     883         0.856

  3 06 1  06 RATUA-II                   18     1029.36     851         0.876

  3 06 1  07 MANIKCHAK                  19      723.13     316         0.229

  3 06 1  08 GAJOLE                      0      964.59       2         0.002

  3 06 1  09 BAMANGOLA                   4      848.18      45         0.038

  3 06 1  10 OLD MALDA                   4      965.90       9         0.009

  3 06 1  11 HABIBPUR                   13      556.91     181         0.101

  3 06 1  12 ENGLISHBAZAR               18      866.00     298         0.258

  3 06 1  13 KALIACHAK-I                 0      964.59     117         0.113

  3 06 1  14 KALIACHAK-II               20     1043.78     140         0.146

  3 06 1  15 KALIACHAK-III              18      839.42     262         0.220


  --------------------------------------------------------------------------------------------------------------------------------
    06    MALDA                        201      972.63    6297         6.125
  --------------------------------------------------------------------------------------------------------------------------------