          CROP: JUTE     (01)                                                   PAGE NO:     6

                              BLOCK WISE YIELD RATE,AREA AND PRODUCTION OF  BHADUI CROPS, 2015-16
  --------------------------------------------------------------------------------------------------------------------------------
  D-DT-SD BLK BLOCK NAME              NCCE    DRY YR     AREA       DRY PRODN
                                              (bales/hec)(hec)    ('000 bales)
  --------------------------------------------------------------------------------------------------------------------------------
  3 06 1  01 CHANCHAL-I                 20       15.14    3256        49.296

  3 06 1  02 CHANCHAL-II                20       15.64    3309        51.753

  3 06 1  03 HARISCHANDRAPUR-I          17       16.23    2739        44.454

  3 06 1  04 HARISCHANDRAPUR-II         20       15.02    3207        48.169

  3 06 1  05 RATUA-I                    20       14.37     352         5.058

  3 06 1  06 RATUA-II                   18       13.65     520         7.098

  3 06 1  07 MANIKCHAK                  20       11.12     250         2.780

  3 06 1  08 GAJOLE                     16       18.77    3484        65.395

  3 06 1  09 BAMANGOLA                  20       11.49      52         0.597

  3 06 1  10 OLD MALDA                  20       17.32     185         3.204

  3 06 1  11 HABIBPUR                   12       15.11     325         4.911

  3 06 1  12 ENGLISHBAZAR               20       20.59    3791        78.057

  3 06 1  13 KALIACHAK-I                18       12.07     406         4.900

  3 06 1  14 KALIACHAK-II               16       13.07     304         3.973

  3 06 1  15 KALIACHAK-III              18       14.65     405         5.933


  --------------------------------------------------------------------------------------------------------------------------------
    06    MALDA                        275       16.63   22585       375.579
  --------------------------------------------------------------------------------------------------------------------------------