          CROP: KHESARI  (12)                                                   PAGE NO:     6

                              BLOCK WISE YIELD RATE,AREA AND PRODUCTION OF  RABI   CROPS, 2015-16
  --------------------------------------------------------------------------------------------------------------------------------
  D-DT-SD BLK BLOCK NAME              NCCE    DRY YR     AREA       DRY PRODN
                                             (kg/hec)    (hec)    (000 tonnes)
  --------------------------------------------------------------------------------------------------------------------------------
  3 06 1  01 CHANCHAL-I                  0      990.38     180         0.178

  3 06 1  02 CHANCHAL-II                 0      990.38    1867         1.849

  3 06 1  03 HARISHCHANDRAPUR-I          0      990.38     279         0.276

  3 06 1  04 HARISHCHANDRAPUR-II         0      990.38     205         0.203

  3 06 1  05 RATUA-I                     0      990.38     421         0.417

  3 06 1  06 RATUA-II                   10     1081.77     397         0.429

  3 06 1  07 MANIKCHAK                   4      813.52     197         0.160

  3 06 1  08 GAJOLE                      0      990.38     161         0.159

  3 06 1  10 OLD MALDA                   0      990.38      79         0.078

  3 06 1  11 HABIBPUR                    0      990.38     231         0.229

  3 06 1  12 ENGLISHBAZAR                0      990.38     304         0.301

  3 06 1  13 KALIACHAK-I                 0      990.38      48         0.048

  3 06 1  14 KALIACHAK-II               10      998.50     183         0.183


  --------------------------------------------------------------------------------------------------------------------------------
    06    MALDA                         24      991.02    4552         4.511
  --------------------------------------------------------------------------------------------------------------------------------