          CROP: MUSTARD  (15)                                                   PAGE NO:     6

                              BLOCK WISE YIELD RATE,AREA AND PRODUCTION OF  RABI   CROPS, 2015-16
  --------------------------------------------------------------------------------------------------------------------------------
  D-DT-SD BLK BLOCK NAME              NCCE    DRY YR     AREA       DRY PRODN
                                             (kg/hec)    (hec)    (000 tonnes)
  --------------------------------------------------------------------------------------------------------------------------------
  3 06 1  01 CHANCHAL-I                 20     1198.09    4389         5.258

  3 06 1  02 CHANCHAL-II                20     1106.45    3959         4.380

  3 06 1  03 HARISHCHANDRAPUR-I         18     1496.90    1900         2.844

  3 06 1  04 HARISHCHANDRAPUR-II        19     1374.53    2928         4.025

  3 06 1  05 RATUA-I                    19     1198.90     763         0.915

  3 06 1  06 RATUA-II                   18     1089.70    1513         1.649

  3 06 1  07 MANIKCHAK                  18     1054.93     320         0.338

  3 06 1  08 GAJOLE                     16      759.82    5464         4.152

  3 06 1  09 BAMANGOLA                  16     1077.59    2825         3.044

  3 06 1  10 OLD MALDA                  18     1285.74    1549         1.992

  3 06 1  11 HABIBPUR                   19     1142.88    4478         5.118

  3 06 1  12 ENGLISHBAZAR               20     1102.23     268         0.295

  3 06 1  13 KALIACHAK-I                19     1152.38     443         0.511

  3 06 1  14 KALIACHAK-II               18     1150.18     395         0.454

  3 06 1  15 KALIACHAK-III              18     1163.14    1106         1.286


  --------------------------------------------------------------------------------------------------------------------------------
    06    MALDA                        276     1122.62   32300        36.261
  --------------------------------------------------------------------------------------------------------------------------------