          CROP: WHEAT    (06)                                                   PAGE NO:     6

                              BLOCK WISE YIELD RATE,AREA AND PRODUCTION OF  RABI   CROPS, 2015-16
  --------------------------------------------------------------------------------------------------------------------------------
  D-DT-SD BLK BLOCK NAME              NCCE    DRY YR     AREA       DRY PRODN
                                             (kg/hec)    (hec)    (000 tonnes)
  --------------------------------------------------------------------------------------------------------------------------------
  3 06 1  01 CHANCHAL-I                 19     2840.79    2507         7.122

  3 06 1  02 CHANCHAL-II                18     2982.68    5291        15.781

  3 06 1  03 HARISHCHANDRAPUR-I         18     2972.19    2587         7.689

  3 06 1  04 HARISHCHANDRAPUR-II        18     2628.44    2325         6.111

  3 06 1  05 RATUA-I                    19     2989.13    4138        12.369

  3 06 1  06 RATUA-II                   18     3084.70    2779         8.572

  3 06 1  07 MANIKCHAK                  19     2392.81    8162        19.530

  3 06 1  08 GAJOLE                     16     3210.77    5982        19.207

  3 06 1  09 BAMANGOLA                  17     2938.06    1020         2.997

  3 06 1  10 OLD MALDA                  18     2831.48     516         1.461

  3 06 1  11 HABIBPUR                   19     2699.72     268         0.724

  3 06 1  12 ENGLISHBAZAR               20     2836.89    1537         4.360

  3 06 1  13 KALIACHAK-I                20     2809.50    2087         5.863

  3 06 1  14 KALIACHAK-II               19     2751.49    1843         5.071

  3 06 1  15 KALIACHAK-III              20     2649.86    9599        25.436


  --------------------------------------------------------------------------------------------------------------------------------
    06    MALDA                        278     2809.85   50641       142.294
  --------------------------------------------------------------------------------------------------------------------------------