          CROP: MAIZE    (03)                                                   PAGE NO:     5

                              BLOCK WISE YIELD RATE,AREA AND PRODUCTION OF  BHADUI CROPS, 2015-16
  --------------------------------------------------------------------------------------------------------------------------------
  D-DT-SD BLK BLOCK NAME              NCCE    DRY YR     AREA       DRY PRODN
                                             (kg/hec)    (hec)    (000 tonnes)
  --------------------------------------------------------------------------------------------------------------------------------
  3 06 1  01 CHANCHAL-I                  0     3613.43     101         0.365

  3 06 1  02 CHANCHAL-II                 0     3613.43      12         0.043

  3 06 1  03 HARISCHANDRAPUR-I           0     3613.43     144         0.520

  3 06 1  04 HARISCHANDRAPUR-II          0     3613.43     499         1.803

  3 06 1  05 RATUA-I                    20     2697.40     487         1.314

  3 06 1  06 RATUA-II                   18     2178.05     670         1.459

  3 06 1  07 MANIKCHAK                  20     4411.79     753         3.322

  3 06 1  08 GAJOLE                      0     3613.43       6         0.022

  3 06 1  09 BAMANGOLA                   0     3613.43       4         0.014

  3 06 1  10 OLD MALDA                  14     5045.56     170         0.858

  3 06 1  11 HABIBPUR                    0     3613.43       8         0.029

  3 06 1  12 ENGLISHBAZAR               18     4316.96     256         1.105

  3 06 1  13 KALIACHAK-I                18     3952.12     123         0.486

  3 06 1  14 KALIACHAK-II               18     4011.19     563         2.258

  3 06 1  15 KALIACHAK-III               0     3613.43     185         0.668


  --------------------------------------------------------------------------------------------------------------------------------
    06    MALDA                        126     3583.92    3981        14.268
  --------------------------------------------------------------------------------------------------------------------------------