          CROP: AUS      (02)                                                   PAGE NO:     6

                              BLOCK WISE YIELD RATE,AREA AND PRODUCTION OF  BHADUI CROPS, 2015-16
  --------------------------------------------------------------------------------------------------------------------------------
  D-DT-SD BLK BLOCK NAME              NCCE    DRY YR     AREA       DRY PRODN   YR CLRICE   PRODN CLRICE
                                             (kg/hec)    (hec)    (000 tonnes)  (kg/hec)    (000 tonnes)
  --------------------------------------------------------------------------------------------------------------------------------
  3 06 1  01 CHANCHAL-I                  0     3649.81     917         3.347     2433.21        2.231

  3 06 1  02 CHANCHAL-II                 0     3649.81       4         0.015     2433.21        0.010

  3 06 1  03 HARISCHANDRAPUR-I           0     3649.81       3         0.011     2433.21        0.007

  3 06 1  04 HARISCHANDRAPUR-II          0     3649.81      11         0.040     2433.21        0.027

  3 06 1  05 RATUA-I                    20     3901.54      40         0.156     2601.03        0.104

  3 06 1  06 RATUA-II                    0     3649.81      22         0.080     2433.21        0.054

  3 06 1  07 MANIKCHAK                   0     3649.81     343         1.252     2433.21        0.835

  3 06 1  08 GAJOLE                      0     3649.81     170         0.620     2433.21        0.414

  3 06 1  09 BAMANGOLA                   0     3649.81      30         0.109     2433.21        0.073

  3 06 1  10 OLD MALDA                  20     3631.32     483         1.754     2420.88        1.169

  3 06 1  11 HABIBPUR                    0     3649.81     170         0.620     2433.21        0.414

  3 06 1  12 ENGLISHBAZAR               20     3848.98     110         0.423     2565.99        0.282

  3 06 1  14 KALIACHAK-II                0     3649.81     290         1.058     2433.21        0.706

  3 06 1  15 KALIACHAK-III               0     3649.81     975         3.559     2433.21        2.372


  --------------------------------------------------------------------------------------------------------------------------------
    06    MALDA                         60     3656.27    3568        13.046     2437.51        8.697
  --------------------------------------------------------------------------------------------------------------------------------