         CROP: AMAN     (05)                                                   PAGE NO:     6

                              BLOCK WISE YIELD RATE,AREA AND PRODUCTION OF  WINTER CROPS, 2015-16
  --------------------------------------------------------------------------------------------------------------------------------
  D-DT-SD BLK BLOCK NAME              NCCE    DRY YR     AREA       DRY PRODN   YR CLRICE   PRODN CLRICE
                                             (kg/hec)    (hec)    (000 tonnes)  (kg/hec)    (000 tonnes)
  --------------------------------------------------------------------------------------------------------------------------------
  3 06 1  01 CHANCHAL-I                  0     4819.51   12593        60.692     3213.01       40.461

  3 06 1  02 CHANCHAL-II                20     4877.28   14901        72.676     3251.52       48.451

  3 06 1  03 HARISCHANDRAPUR-I           0     4819.51   10028        48.330     3213.01       32.220

  3 06 1  04 HARISCHANDRAPUR-II         20     4853.54   14863        72.138     3235.69       48.092

  3 06 1  05 RATUA-I                    40     6074.01    8331        50.603     4049.34       33.735

  3 06 1  06 RATUA-II                   20     5509.58    6166        33.972     3673.05       22.648

  3 06 1  07 MANIKCHAK                  20     3423.68    1151         3.941     2282.45        2.627

  3 06 1  08 GAJOLE                     60     5022.65   30998       155.692     3348.43      103.795

  3 06 1  09 BAMANGOLA                  24     3813.60   10133        38.643     2542.40       25.762

  3 06 1  10 OLD MALDA                  24     4406.61    5332        23.496     2937.74       15.664

  3 06 1  11 HABIBPUR                   20     4493.69   23442       105.341     2995.79       70.227

  3 06 1  12 ENGLISHBAZAR               44     5121.31    2145        10.985     3414.21        7.323

  3 06 1  13 KALIACHAK-I                40     4848.86     301         1.460     3232.57        0.973

  3 06 1  14 KALIACHAK-II               36     6199.59     407         2.523     4133.06        1.682

  3 06 1  15 KALIACHAK-III              56     4636.94    1497         6.941     3091.29        4.628


  --------------------------------------------------------------------------------------------------------------------------------
    06    MALDA                        424     4831.28  142288       687.434     3220.85      458.289
  --------------------------------------------------------------------------------------------------------------------------------