          CROP: GRAM     (08)                                                   PAGE NO:     4

                              BLOCK WISE YIELD RATE,AREA AND PRODUCTION OF  RABI   CROPS, 2015-16
  --------------------------------------------------------------------------------------------------------------------------------
  D-DT-SD BLK BLOCK NAME              NCCE    DRY YR     AREA       DRY PRODN
                                             (kg/hec)    (hec)    (000 tonnes)
  --------------------------------------------------------------------------------------------------------------------------------
  3 06 1  01 CHANCHAL-I                  0     1154.78      29         0.033

  3 06 1  02 CHANCHAL-II                 0     1154.78    1409         1.627

  3 06 1  03 HARISHCHANDRAPUR-I          0     1154.78      74         0.085

  3 06 1  04 HARISHCHANDRAPUR-II         0     1154.78      63         0.073

  3 06 1  05 RATUA-I                     0     1154.78     237         0.274

  3 06 1  06 RATUA-II                   18     1207.07     247         0.298

  3 06 1  07 MANIKCHAK                  19      922.15      16         0.015

  3 06 1  08 GAJOLE                      0     1154.78     124         0.143

  3 06 1  09 BAMANGOLA                   0     1154.78      29         0.033

  3 06 1  10 OLD MALDA                   0     1154.78      41         0.047

  3 06 1  11 HABIBPUR                    6     1353.13      86         0.116

  3 06 1  12 ENGLISHBAZAR               18     1166.71     306         0.357

  3 06 1  13 KALIACHAK-I                 0     1154.78     209         0.241

  3 06 1  14 KALIACHAK-II                4      954.91      72         0.069

  3 06 1  15 KALIACHAK-III              20     1020.63     166         0.169


  --------------------------------------------------------------------------------------------------------------------------------
    06    MALDA                         85     1152.61    3108         3.582
  --------------------------------------------------------------------------------------------------------------------------------