          CROP: MASKALAI (10)                                                   PAGE NO:     6

                              BLOCK WISE YIELD RATE,AREA AND PRODUCTION OF  WINTER CROPS, 2015-16
  --------------------------------------------------------------------------------------------------------------------------------
  D-DT-SD BLK BLOCK NAME              NCCE    DRY YR     AREA       DRY PRODN
                                             (kg/hec)    (hec)    (000 tonnes)
  --------------------------------------------------------------------------------------------------------------------------------
  3 06 1  01 CHANCHAL-I                  0      900.95     169         0.152

  3 06 1  02 CHANCHAL-II                19      798.91     193         0.154

  3 06 1  03 HARISCHANDRAPUR-I          17     1016.30     702         0.713

  3 06 1  04 HARISCHANDRAPUR-II         10     1112.90     752         0.837

  3 06 1  05 RATUA-I                    20     1553.36     950         1.476

  3 06 1  06 RATUA-II                   18      684.31    1310         0.896

  3 06 1  07 MANIKCHAK                  19      674.47    2867         1.934

  3 06 1  08 GAJOLE                      0      900.95     726         0.654

  3 06 1  09 BAMANGOLA                   0      900.95      21         0.019

  3 06 1  10 OLD MALDA                  20     1621.09     115         0.186

  3 06 1  11 HABIBPUR                    8      295.36      24         0.007

  3 06 1  12 ENGLISHBAZAR               20      915.95     492         0.451

  3 06 1  13 KALIACHAK-I                 0      900.95     201         0.181

  3 06 1  14 KALIACHAK-II                0      900.95     280         0.252

  3 06 1  15 KALIACHAK-III               0      900.95    2210         1.991


  --------------------------------------------------------------------------------------------------------------------------------
    06    MALDA                        151      899.41   11012         9.904
  --------------------------------------------------------------------------------------------------------------------------------