          CROP: BORO     (17)                                                   PAGE NO:     6

                              BLOCK WISE YIELD RATE,AREA AND PRODUCTION OF  SUMMER CROPS, 2015-16
  --------------------------------------------------------------------------------------------------------------------------------
  D-DT-SD BLK BLOCK NAME              NCCE    DRY YR     AREA       DRY PRODN   YR CLRICE   PRODN CLRICE
                                             (kg/hec)    (hec)    (000 tonnes)  (kg/hec)    (000 tonnes)
  --------------------------------------------------------------------------------------------------------------------------------
  3 06 1  01 CHANCHAL-I                  0     5909.76    5802        34.288     3939.84       22.859

  3 06 1  02 CHANCHAL-II                20     5673.89    3945        22.383     3782.59       14.922

  3 06 1  03 HARISCHANDRAPUR-I          28     5674.73    4470        25.366     3783.15       16.911

  3 06 1  04 HARISCHANDRAPUR-II         36     5926.70    8805        52.185     3951.13       34.790

  3 06 1  05 RATUA-I                     0     5909.76    7925        46.835     3939.84       31.223

  3 06 1  06 RATUA-II                   20     6795.19    5987        40.683     4530.13       27.122

  3 06 1  07 MANIKCHAK                  40     5432.93     949         5.156     3621.95        3.437

  3 06 1  08 GAJOLE                     48     6316.40    6766        42.737     4210.93       28.491

  3 06 1  09 BAMANGOLA                   0     5909.76     542         3.203     3939.84        2.135

  3 06 1  10 OLD MALDA                  24     5348.92    5083        27.189     3565.95       18.126

  3 06 1  11 HABIBPUR                   20     5512.58    7603        41.912     3675.05       27.941

  3 06 1  12 ENGLISHBAZAR               44     6290.04    1036         6.516     4193.36        4.344

  3 06 1  13 KALIACHAK-I                20     5608.65     780         4.375     3739.10        2.916

  3 06 1  14 KALIACHAK-II                0     5909.76     495         2.925     3939.84        1.950

  3 06 1  15 KALIACHAK-III               3     5885.00     306         1.801     3923.33        1.201


  --------------------------------------------------------------------------------------------------------------------------------
    06    MALDA                        303     5910.57   60494       357.554     3940.38      238.369
  --------------------------------------------------------------------------------------------------------------------------------