          CROP: MUSTARD  (15)                                                   PAGE NO:    15

                              BLOCK WISE YIELD RATE,AREA AND PRODUCTION OF  RABI   CROPS, 2015-16
  --------------------------------------------------------------------------------------------------------------------------------
  D-DT-SD BLK BLOCK NAME              NCCE    DRY YR     AREA       DRY PRODN
                                             (kg/hec)    (hec)    (000 tonnes)
  --------------------------------------------------------------------------------------------------------------------------------
  2 13 1  01 BANKURA-I                  11      600.77       3         0.002

  2 13 1  02 BANKURA-II                 17      972.76      61         0.059

  2 13 1  03 ONDA                       17      799.75    1321         1.056

  2 13 1  04 CHHATNA                     8     1200.38      27         0.032

  2 13 1  05 GANGAJALGHATI               8     1364.84    1035         1.413

  2 13 1  06 BARJORA                    18      717.26    1008         0.723

  2 13 1  07 MEJIA                      16      888.10      43         0.038

  2 13 1  08 SALTORA                    13      649.94      12         0.008

  2 13 2  09 RAIPUR (RAIPUR-I)          17      538.97     710         0.383

  2 13 2  10 SARENGA (RAIPUR-II)        16      799.62     505         0.404

  2 13 2  11 KHATRA (KHATRA-I)          17     1012.45     133         0.135

  2 13 2  12 HIRBANDH (KHATRA-II)       16      827.52       3         0.002

  2 13 2  13 INDPUR                     16      928.19      32         0.030

  2 13 2  14 RANIBANDH                  16      914.87      34         0.031

  2 13 2  15 SIMLAPAL                   18      676.79     771         0.522

  2 13 2  16 TALDANGRA                  17      553.28     446         0.247

  2 13 3  17 BISHNUPUR                  16      823.65    1086         0.894

  2 13 3  18 JOYPUR                     17     1022.67    1280         1.309

  2 13 3  19 KOTALPUR                   16      443.62     307         0.136

  2 13 3  20 SONAMUKHI                  16      758.44    1178         0.893

  2 13 3  21 PATRASAYAR                 17      827.56     900         0.745

  2 13 3  22 INDAS                      16      920.40    1261         1.161


  --------------------------------------------------------------------------------------------------------------------------------
    13    BANKURA                      339      841.00   12156        10.223
  --------------------------------------------------------------------------------------------------------------------------------