          CROP: WHEAT    (06)                                                   PAGE NO:    14

                              BLOCK WISE YIELD RATE,AREA AND PRODUCTION OF  RABI   CROPS, 2015-16
  --------------------------------------------------------------------------------------------------------------------------------
  D-DT-SD BLK BLOCK NAME              NCCE    DRY YR     AREA       DRY PRODN
                                             (kg/hec)    (hec)    (000 tonnes)
  --------------------------------------------------------------------------------------------------------------------------------
  2 13 1  02 BANKURA-II                  8     1695.05      43         0.073

  2 13 1  03 ONDA                       16     2967.42     501         1.487

  2 13 1  04 CHHATNA                     2     2360.76      15         0.035

  2 13 1  05 GANGAJALGHATI              12     2042.51      12         0.025

  2 13 1  06 BARJORA                    18     1649.74     397         0.655

  2 13 1  07 MEJIA                       3     2425.12      10         0.024

  2 13 1  08 SALTORA                     0     2362.54       5         0.012

  2 13 2  09 RAIPUR (RAIPUR-I)          16     1205.42     435         0.524

  2 13 2  10 SARENGA (RAIPUR-II)        17     1858.78     144         0.268

  2 13 2  11 KHATRA (KHATRA-I)           7     1625.19      39         0.063

  2 13 2  12 HIRBANDH (KHATRA-II)        4     1834.91     436         0.800

  2 13 2  13 INDPUR                      6     3354.64      37         0.124

  2 13 2  15 SIMLAPAL                   16     2368.26     303         0.718

  2 13 2  16 TALDANGRA                  17     1299.84     397         0.516

  2 13 3  17 BISHNUPUR                  16     1908.66      37         0.071

  2 13 3  18 JOYPUR                     16     1907.35      18         0.034

  2 13 3  19 KOTALPUR                    3     2082.14      13         0.027

  2 13 3  20 SONAMUKHI                  17     2275.96     414         0.942

  2 13 3  21 PATRASAYAR                  2     2251.68      49         0.110

  2 13 3  22 INDAS                       0     2253.70     222         0.500


  --------------------------------------------------------------------------------------------------------------------------------
    13    BANKURA                      196     1987.12    3527         7.009
  --------------------------------------------------------------------------------------------------------------------------------