          CROP: AUS      (02)                                                   PAGE NO:    14

                              BLOCK WISE YIELD RATE,AREA AND PRODUCTION OF  BHADUI CROPS, 2015-16
  --------------------------------------------------------------------------------------------------------------------------------
  D-DT-SD BLK BLOCK NAME              NCCE    DRY YR     AREA       DRY PRODN   YR CLRICE   PRODN CLRICE
                                             (kg/hec)    (hec)    (000 tonnes)  (kg/hec)    (000 tonnes)
  --------------------------------------------------------------------------------------------------------------------------------
  2 13 1  01 BANKURA-I                  12     1434.17      15         0.022      956.11        0.014

  2 13 1  02 BANKURA-II                 17     3953.89     328         1.297     2635.93        0.865

  2 13 1  03 ONDA                       16     3937.43     346         1.362     2624.95        0.908

  2 13 1  04 CHHATNA                     0     4643.18     351         1.630     3095.45        1.087

  2 13 1  05 GANGAJALGHATI              17     5033.33    2005        10.092     3355.55        6.728

  2 13 1  06 BARJORA                    18     3909.77     405         1.583     2606.51        1.056

  2 13 1  07 MEJIA                       8     4301.63       2         0.009     2867.75        0.006

  2 13 1  08 SALTORA                    16     2805.16      10         0.028     1870.11        0.019

  2 13 2  09 RAIPUR-I                   16     2755.48      28         0.077     1836.99        0.051

  2 13 2  10 RAIPUR-II                  16     3167.90      10         0.032     2111.93        0.021

  2 13 2  11 KHATRA-I                   17     3477.73      15         0.052     2318.49        0.035

  2 13 2  12 KHATRA-II                  16     3086.20      10         0.031     2057.47        0.021

  2 13 2  13 INDPUR                     16     2418.69     104         0.252     1612.46        0.168

  2 13 2  14 RANIBANDH                  18     3167.26      74         0.234     2111.51        0.156

  2 13 2  15 SIMLAPAL                   16     3613.62     129         0.466     2409.08        0.311

  2 13 2  16 TALDANGRA                  16     3920.05     455         1.784     2613.37        1.189

  2 13 3  17 BISHNUPUR                  16     4563.01    1429         6.521     3042.01        4.347

  2 13 3  18 JOYPUR                     18     3616.48     588         2.126     2410.99        1.418

  2 13 3  19 KOTALPUR                   18     4498.12    6427        28.909     2998.75       19.273

  2 13 3  20 SONAMUKHI                  17     4882.37    2930        14.305     3254.91        9.537

  2 13 3  21 PATRASAYAR                 16     4251.27    2930        12.456     2834.18        8.304

  2 13 3  22 INDUS                      16     3421.64     573         1.961     2281.09        1.307


  --------------------------------------------------------------------------------------------------------------------------------
    13    BANKURA                      336     4447.33   19164        85.229     2964.89       56.819
  --------------------------------------------------------------------------------------------------------------------------------