          CROP: MUSUR    (09)                                                   PAGE NO:    15

                              BLOCK WISE YIELD RATE,AREA AND PRODUCTION OF  RABI   CROPS, 2015-16
  --------------------------------------------------------------------------------------------------------------------------------
  D-DT-SD BLK BLOCK NAME              NCCE    DRY YR     AREA       DRY PRODN
                                             (kg/hec)    (hec)    (000 tonnes)
  --------------------------------------------------------------------------------------------------------------------------------
  2 13 1  02 BANKURA-II                  8      462.21      10         0.005

  2 13 1  03 ONDA                       16     1065.46      12         0.013

  2 13 1  05 GANGAJALGHATI               4      914.28       5         0.005

  2 13 1  06 BARJORA                    16      536.69       1         0.001

  2 13 1  07 MEJIA                      17      775.17      10         0.008

  2 13 1  08 SALTORA                     6     1273.22      10         0.013

  2 13 2  09 RAIPUR (RAIPUR-I)          10      293.76     164         0.048

  2 13 2  10 SARENGA (RAIPUR-II)        12     1084.70     400         0.434

  2 13 2  11 KHATRA (KHATRA-I)           7      929.61       1         0.001

  2 13 2  12 HIRBANDH (KHATRA-II)        1      777.88       5         0.004

  2 13 2  13 INDPUR                      4      750.99       1         0.001

  2 13 2  14 RANIBANDH                  10      469.98       5         0.002

  2 13 2  15 SIMLAPAL                    6     1014.48       5         0.005

  2 13 2  16 TALDANGRA                   4      710.61      12         0.009

  2 13 3  17 BISHNUPUR                  12     1158.25       4         0.005

  2 13 3  19 KOTALPUR                   16     1013.94      22         0.022

  2 13 3  20 SONAMUKHI                   6      935.24       5         0.005

  2 13 3  21 PATRASAYAR                 16      925.32      71         0.066

  2 13 3  22 INDAS                      10     1212.97     158         0.192


  --------------------------------------------------------------------------------------------------------------------------------
    13    BANKURA                      181      927.35     901         0.836
  --------------------------------------------------------------------------------------------------------------------------------