          CROP: TIL      (18)                                                   PAGE NO:    15

                              BLOCK WISE YIELD RATE,AREA AND PRODUCTION OF  SUMMER CROPS, 2015-16
  --------------------------------------------------------------------------------------------------------------------------------
  D-DT-SD BLK BLOCK NAME              NCCE    DRY YR     AREA       DRY PRODN
                                             (kg/hec)    (hec)    (000 tonnes)
  --------------------------------------------------------------------------------------------------------------------------------
  2 13 1  01 BANKURA-I                  18      513.96     330         0.170

  2 13 1  02 BANKURA-II                 18      454.50     324         0.147

  2 13 1  03 ONDA                       16     1100.71    1710         1.882

  2 13 1  04 CHHATNA                     8      357.87     118         0.042

  2 13 1  05 GANGAJALGHATI              18      333.59     333         0.111

  2 13 1  06 BARJORA                    19      522.14     673         0.351

  2 13 1  07 MEJIA                       6      270.57     114         0.031

  2 13 1  08 SALTORA                     6      588.19     102         0.060

  2 13 2  09 RAIPUR-I                   17      485.25    2100         1.019

  2 13 2  10 RAIPUR-II                  16     1020.21     287         0.293

  2 13 2  11 KHATRA-I                   17      765.40     149         0.114

  2 13 2  12 KHATRA-II                  17      606.81      65         0.039

  2 13 2  13 INDPUR                     12      933.89     302         0.282

  2 13 2  14 RANIBANDH                  16      733.80     300         0.220

  2 13 2  15 SIMLAPAL                   18      761.01     518         0.394

  2 13 2  16 TALDANGRA                  16      534.10     500         0.267

  2 13 3  17 BISHNUPUR                  16      872.62     333         0.291

  2 13 3  18 JOYPUR                     17      697.30    2100         1.464

  2 13 3  19 KOTALPUR                   19      839.99    6400         5.376

  2 13 3  20 SONAMUKHI                  19      607.18     790         0.480

  2 13 3  21 PATRASAYAR                 18      688.24    1430         0.984

  2 13 3  22 INDUS                      17      725.87     407         0.295


  --------------------------------------------------------------------------------------------------------------------------------
    13    BANKURA                      344      738.38   19385        14.314
  --------------------------------------------------------------------------------------------------------------------------------