          CROP: BORO     (17)                                                   PAGE NO:    13

                              BLOCK WISE YIELD RATE,AREA AND PRODUCTION OF  SUMMER CROPS, 2015-16
  --------------------------------------------------------------------------------------------------------------------------------
  D-DT-SD BLK BLOCK NAME              NCCE    DRY YR     AREA       DRY PRODN   YR CLRICE   PRODN CLRICE
                                             (kg/hec)    (hec)    (000 tonnes)  (kg/hec)    (000 tonnes)
  --------------------------------------------------------------------------------------------------------------------------------
  2 13 1  02 BANKURA-II                 16     5634.38     441         2.485     3756.25        1.657

  2 13 1  03 ONDA                       52     4565.93    1230         5.616     3043.95        3.744

  2 13 1  05 GANGAJALGHATI               0     4958.46     307         1.522     3305.64        1.015

  2 13 1  06 BARJORA                    36     4714.01      30         0.141     3142.67        0.094

  2 13 1  07 MEJIA                       6     6055.59     100         0.606     4037.06        0.404

  2 13 2  09 RAIPUR-I                   28     4520.69    1124         5.081     3013.79        3.388

  2 13 2  10 RAIPUR-II                  24     6105.05     400         2.442     4070.03        1.628

  2 13 2  15 SIMLAPAL                   28     3644.11     443         1.614     2429.41        1.076

  2 13 2  16 TALDANGRA                  30     3752.81     247         0.927     2501.87        0.618

  2 13 3  17 BISHNUPUR                  36     3779.26     889         3.360     2519.51        2.240

  2 13 3  18 JOYPUR                     36     4663.84    4817        22.466     3109.23       14.977

  2 13 3  19 KOTALPUR                   32     5214.76    4815        25.109     3476.51       16.739

  2 13 3  20 SONAMUKHI                  40     3840.17    5028        19.308     2560.11       12.872

  2 13 3  21 PATRASAYAR                 40     5034.10    8758        44.089     3356.07       29.392

  2 13 3  22 INDUS                      40     4435.32   11750        52.115     2956.88       34.743


  --------------------------------------------------------------------------------------------------------------------------------
    13    BANKURA                      444     4628.18   40379       186.881     3085.45      124.587
  --------------------------------------------------------------------------------------------------------------------------------