          CROP: AMAN     (05)                                                   PAGE NO:    15

                              BLOCK WISE YIELD RATE,AREA AND PRODUCTION OF  WINTER CROPS, 2015-16
  --------------------------------------------------------------------------------------------------------------------------------
  D-DT-SD BLK BLOCK NAME              NCCE    DRY YR     AREA       DRY PRODN   YR CLRICE   PRODN CLRICE
                                             (kg/hec)    (hec)    (000 tonnes)  (kg/hec)    (000 tonnes)
  --------------------------------------------------------------------------------------------------------------------------------
  2 13 1  01 BANKURA-I                  24     3083.92   10807        33.328     2055.95       22.219

  2 13 1  02 BANKURA-II                 28     4658.25   10893        50.742     3105.50       33.828

  2 13 1  03 ONDA                       60     3786.74   21112        79.946     2524.49       53.297

  2 13 1  04 CHHATNA                    52     2622.09   25382        66.554     1748.06       44.369

  2 13 1  05 GANGAJALGHATI              36     4153.31   11923        49.520     2768.87       33.013

  2 13 1  06 BARJORA                    44     5123.73   14028        71.876     3415.82       47.917

  2 13 1  07 MEJIA                      20     3181.28    7125        22.667     2120.85       15.111

  2 13 1  08 SALTORA                    32     3751.99   16959        63.630     2501.33       42.420

  2 13 2  09 RAIPUR-I                   40     4209.41   15724        66.189     2806.27       44.126

  2 13 2  10 RAIPUR-II                  24     3134.79    6164        19.323     2089.86       12.882

  2 13 2  11 KHATRA-I                   20     3124.68    8675        27.107     2083.12       18.071

  2 13 2  12 KHATRA-II                  20     3630.81    6809        24.722     2420.54       16.481

  2 13 2  13 INDPUR                     28     2410.40   18861        45.463     1606.93       30.308

  2 13 2  14 RANIBANDH                  32     3828.01   18607        71.228     2552.01       47.485

  2 13 2  15 SIMLAPAL                   28     4826.97    9572        46.204     3217.98       30.803

  2 13 2  16 TALDANGRA                  20     4771.47   12262        58.508     3180.98       39.005

  2 13 3  17 BISHNUPUR                  36     5150.80   13450        69.278     3433.87       46.186

  2 13 3  18 JOYPUR                     36     4856.77   13353        64.852     3237.85       43.235

  2 13 3  19 KOTALPUR                   32     5378.00   10071        54.162     3585.33       36.108

  2 13 3  20 SONAMUKHI                  40     4137.20   16190        66.981     2758.13       44.654

  2 13 3  21 PATRASAYAR                 40     5243.50   15179        79.591     3495.67       53.061

  2 13 3  22 INDUS                      40     4574.08   17924        81.986     3049.39       54.657


  --------------------------------------------------------------------------------------------------------------------------------
    13    BANKURA                      732     4031.80  301070      1213.855     2687.87      809.237
  --------------------------------------------------------------------------------------------------------------------------------