          CROP: MUSTARD  (15)                                                   PAGE NO:    17

                              BLOCK WISE YIELD RATE,AREA AND PRODUCTION OF  RABI   CROPS, 2013-14
  --------------------------------------------------------------------------------------------------------------------------------
  D-DT-SD BLK BLOCK NAME              NCCE    DRY YR     AREA       DRY PRODN
                                             (kg/hec)    (hec)    (000 tonnes)
  --------------------------------------------------------------------------------------------------------------------------------
  2 15 1  01 MEDINIPUR SADAR            16      801.98     125         0.100

  2 15 1  02 SALBONI                    18      921.37    1847         1.702

  2 15 1  03 KESHPUR                    16      703.26     193         0.136

  2 15 1  04 GARHBETA-I                 16      721.30     125         0.090

  2 15 1  05 GARHBETA-II                16      743.47     507         0.377

  2 15 1  06 GARHBETA-III               16      463.02      78         0.036

  2 15 2  07 KHARAGPUR-I                11      589.47      70         0.041

  2 15 2  08 KHARAGPUR-II                9      908.00      20         0.018

  2 15 2  09 DEBRA                      16      854.69     399         0.341

  2 15 2  10 PINGLA                     16      722.83      61         0.044

  2 15 2  11 KESHIARY                   16      778.36      90         0.070

  2 15 2  12 DANTAN-I                   16      980.09      40         0.039

  2 15 2  13 DANTAN-II                   6      739.82      51         0.038

  2 15 2  14 NARAYANGARH                16      485.82     120         0.058

  2 15 2  15 MOHANPUR                    9      622.33      21         0.013

  2 15 2  16 SABONG                     16     1032.19    1799         1.857

  2 15 3  17 JHARGRAM                   16      809.31     364         0.295

  2 15 3  18 BINPUR-I                   16      655.39      90         0.059

  2 15 3  19 BINPUR-II                  16      735.24     296         0.218

  2 15 3  20 JAMBONI                    16      646.15     197         0.127

  2 15 3  21 NAYAGRAM                   16     1191.62    4001         4.768

  2 15 3  22 SANKRAIL                   16      739.45     332         0.245

  2 15 3  23 GOPIBALLAVPUR-I            16     1145.93    2567         2.942

  2 15 3  24 GOPIBALLAVPUR-II           16      732.76     559         0.410
          CROP: MUSTARD  (15)                                                   PAGE NO:    18

                              BLOCK WISE YIELD RATE,AREA AND PRODUCTION OF  RABI   CROPS, 2013-14
  --------------------------------------------------------------------------------------------------------------------------------
  D-DT-SD BLK BLOCK NAME              NCCE    DRY YR     AREA       DRY PRODN
                                             (kg/hec)    (hec)    (000 tonnes)
  --------------------------------------------------------------------------------------------------------------------------------
  2 15 4  25 GHATAL                     16      974.99     684         0.667

  2 15 4  26 DASPUR-I                   16      906.67      46         0.042

  2 15 4  27 DASPUR-II                  16     1092.43     620         0.677

  2 15 4  28 CHANDRAKONA-I              16      630.79      87         0.055

  2 15 4  29 CHANDRAKONA-II             16      837.47     412         0.345


  --------------------------------------------------------------------------------------------------------------------------------
    15    PASCHIM MEDINIPUR            437     1000.54   15801        15.809
  --------------------------------------------------------------------------------------------------------------------------------