          CROP: AMAN     (05)                                                   PAGE NO:    17

                              BLOCK WISE YIELD RATE,AREA AND PRODUCTION OF  WINTER CROPS, 2013-14
  --------------------------------------------------------------------------------------------------------------------------------
  D-DT-SD BLK BLOCK NAME              NCCE    DRY YR     AREA       DRY PRODN   YR CLRICE   PRODN CLRICE
                                             (kg/hec)    (hec)    (000 tonnes)  (kg/hec)    (000 tonnes)
  --------------------------------------------------------------------------------------------------------------------------------
  2 15 1  01 MIDNAPUR SADAR             16     3534.86   36128       127.707     2356.57       85.138

  2 15 1  02 SALBONI                    16     2626.07   21161        55.570     1750.71       37.047

  2 15 1  03 KESHPUR                    16     1762.06    3064         5.399     1174.71        3.599

  2 15 1  04 GARBETA-I                  16     2647.49   19350        51.229     1764.99       34.153

  2 15 1  05 GARBETA-II                 16     2610.22   20990        54.789     1740.15       36.526

  2 15 1  06 GARBETA-III                16     2660.34    6163        16.396     1773.56       10.930

  2 15 2  07 KHARAGPUR-I                16     3952.47   40648       160.660     2634.98      107.107

  2 15 2  08 KHARAGPUR-II               16     2406.79    4887        11.762     1604.53        7.841

  2 15 2  09 DEBRA                      16     1312.17    5299         6.953      874.78        4.635

  2 15 2  10 PINGLA                     16     3148.26   17403        54.789     2098.84       36.526

  2 15 2  11 KESHIARY                   16     2768.90   23122        64.023     1845.93       42.682

  2 15 2  12 DANTAN-I                   16     2952.34   21217        62.640     1968.23       41.760

  2 15 2  13 DANTAN-II                  16     2944.92   12180        35.869     1963.28       23.913

  2 15 2  14 NARAYANGARH                16     2480.56   38050        94.385     1653.71       62.924

  2 15 2  15 MOHANPUR                   16     2966.23   10695        31.724     1977.49       21.149

  2 15 2  16 SABONG                     16     2876.95   15912        45.778     1917.97       30.519

  2 15 3  17 JHARGRAM                   16     3220.37   35328       113.769     2146.91       75.846

  2 15 3  18 BINPUR-I                   16     4701.16   42125       198.036     3134.11      132.024

  2 15 3  19 BINPUR-II                  16     3775.77   42235       159.470     2517.18      106.313

  2 15 3  20 JAMBONI                    16     2952.61   14703        43.412     1968.41       28.941

  2 15 3  21 NAYAGRAM                   16     1832.73    3065         5.617     1221.82        3.745

  2 15 3  22 SANKRAIL                   16     2486.13   15874        39.465     1657.42       26.310

  2 15 3  23 GOPIBALLAVPUR-I            16     1521.66    1937         2.947     1014.44        1.965

  2 15 3  24 GOPIBALLAVPUR-II           16     3207.72   30753        98.647     2138.48       65.765          CROP: AMAN     (05)                                                   PAGE NO:    18

                              BLOCK WISE YIELD RATE,AREA AND PRODUCTION OF  WINTER CROPS, 2013-14
  --------------------------------------------------------------------------------------------------------------------------------
  D-DT-SD BLK BLOCK NAME              NCCE    DRY YR     AREA       DRY PRODN   YR CLRICE   PRODN CLRICE
                                             (kg/hec)    (hec)    (000 tonnes)  (kg/hec)    (000 tonnes)
  --------------------------------------------------------------------------------------------------------------------------------
  2 15 4  25 GHATAL                     16     2651.35    9944        26.365     1767.57       17.577

  2 15 4  26 DASPUR-I                   16      690.80    2219         1.533      460.53        1.022

  2 15 4  27 DASPUR-II                  16      380.66    2487         0.947      253.77        0.631

  2 15 4  28 CHANDRAKONA-I              16     1738.69    3266         5.679     1159.13        3.786

  2 15 4  29 CHANDRAKONA-II             16     1828.65    2462         4.502     1219.10        3.001


  --------------------------------------------------------------------------------------------------------------------------------
    15    PASCHIM MEDINIPUR            464     3143.36  502667      1580.062     2095.57     1053.375
  --------------------------------------------------------------------------------------------------------------------------------