          CROP: TIL      (18)                                                   PAGE NO:    17

                              BLOCK WISE YIELD RATE,AREA AND PRODUCTION OF  SUMMER CROPS, 2013-14
  --------------------------------------------------------------------------------------------------------------------------------
  D-DT-SD BLK BLOCK NAME              NCCE    DRY YR     AREA       DRY PRODN
                                             (kg/hec)    (hec)    (000 tonnes)
  --------------------------------------------------------------------------------------------------------------------------------
  2 15 1  01 MIDNAPUR SADAR             16      627.13       0         0.000

  2 15 1  02 SALBONI                    16      680.25    2683         1.825

  2 15 1  03 KESHPUR                    16      832.29   13036        10.850

  2 15 1  04 GARBETA-I                  16      789.60   12139         9.585

  2 15 1  05 GARBETA-II                 16      745.53    4015         2.993

  2 15 1  06 GARBETA-III                16      806.56    6618         5.338

  2 15 2  07 KHARAGPUR-I                16     1263.06    1587         2.004

  2 15 2  08 KHARAGPUR-II               16     1277.44    1510         1.929

  2 15 2  09 DEBRA                      16      618.49     974         0.602

  2 15 2  10 PINGLA                     16      790.63     317         0.251

  2 15 2  11 KESHIARY                   16      764.89    2553         1.953

  2 15 2  12 DANTAN-I                   16      830.22    1873         1.555

  2 15 2  13 DANTAN-II                  16      826.79     190         0.157

  2 15 2  14 NARAYANGARH                16      264.39    4951         1.309

  2 15 2  15 MOHANPUR                    4      804.01       0         0.000

  2 15 2  16 SABONG                     16      946.87     248         0.235

  2 15 3  17 JHARGRAM                   16     1175.23       0         0.000

  2 15 3  18 BINPUR-I                   16      922.26    1052         0.970

  2 15 3  19 BINPUR-II                  16     1115.96       0         0.000

  2 15 3  20 JAMBONI                    16     1197.38    1478         1.770

  2 15 3  21 NAYAGRAM                   16      982.04       0         0.000

  2 15 3  22 SANKRAIL                   16      761.36     583         0.444

  2 15 3  23 GOPIBALLAVPUR-I            16      823.99      64         0.053

  2 15 3  24 GOPIBALLAVPUR-II           16      891.75    1276         1.138
          CROP: TIL      (18)                                                   PAGE NO:    18

                              BLOCK WISE YIELD RATE,AREA AND PRODUCTION OF  SUMMER CROPS, 2013-14
  --------------------------------------------------------------------------------------------------------------------------------
  D-DT-SD BLK BLOCK NAME              NCCE    DRY YR     AREA       DRY PRODN
                                             (kg/hec)    (hec)    (000 tonnes)
  --------------------------------------------------------------------------------------------------------------------------------
  2 15 4  25 GHATAL                     16      570.64    1564         0.892

  2 15 4  26 DASPUR-I                   16      980.78    1132         1.110

  2 15 4  27 DASPUR-II                  16      915.98    1271         1.164

  2 15 4  28 CHANDRAKONA-I              16      837.58    5791         4.850

  2 15 4  29 CHANDRAKONA-II             16      839.63    6379         5.356


  --------------------------------------------------------------------------------------------------------------------------------
    15    PASCHIM MEDINIPUR            452      796.00   73284        58.334
  --------------------------------------------------------------------------------------------------------------------------------