          CROP: WHEAT    (06)                                                   PAGE NO:    16

                              BLOCK WISE YIELD RATE,AREA AND PRODUCTION OF  RABI   CROPS, 2013-14
  --------------------------------------------------------------------------------------------------------------------------------
  D-DT-SD BLK BLOCK NAME              NCCE    DRY YR     AREA       DRY PRODN
                                             (kg/hec)    (hec)    (000 tonnes)
  --------------------------------------------------------------------------------------------------------------------------------
  2 15 1  01 MEDINIPUR SADAR            11     1775.94    1072         1.904

  2 15 1  02 SALBONI                    16     2885.30     699         2.017

  2 15 1  03 KESHPUR                     0     2082.12     717         1.493

  2 15 1  04 GARHBETA-I                  7     2158.18      40         0.086

  2 15 1  05 GARHBETA-II                 4     2109.02     342         0.721

  2 15 1  06 GARHBETA-III               16     1634.16     218         0.356

  2 15 2  09 DEBRA                       0     2216.15      12         0.027

  2 15 2  10 PINGLA                      0     2216.15      24         0.053

  2 15 2  14 NARAYANGARH                 3     2195.26      10         0.022

  2 15 3  17 JHARGRAM                    2     3162.75     268         0.848

  2 15 3  18 BINPUR-I                    0     2876.53     400         1.151

  2 15 3  19 BINPUR-II                   9     1484.65      17         0.025

  2 15 3  20 JAMBONI                     5     2728.18      67         0.183

  2 15 3  23 GOPIBALLAVPUR-I             6     2298.38     143         0.329

  2 15 3  24 GOPIBALLAVPUR-II            0     2876.53     562         1.617

  2 15 4  25 GHATAL                      0     2216.15       7         0.016

  2 15 4  29 CHANDRAKONA-II              2     2134.93       9         0.019


  --------------------------------------------------------------------------------------------------------------------------------
    15    PASCHIM MEDINIPUR             81     2358.45    4607        10.865
  --------------------------------------------------------------------------------------------------------------------------------