          CROP: AUS      (02)                                                   PAGE NO:    15

                              BLOCK WISE YIELD RATE,AREA AND PRODUCTION OF  BHADUI CROPS, 2013-14
  --------------------------------------------------------------------------------------------------------------------------------
  D-DT-SD BLK BLOCK NAME              NCCE    DRY YR     AREA       DRY PRODN   YR CLRICE   PRODN CLRICE
                                             (kg/hec)    (hec)    (000 tonnes)  (kg/hec)    (000 tonnes)
  --------------------------------------------------------------------------------------------------------------------------------
  2 15 1  01 MIDNAPUR SADAR             16     3199.55    2373         7.593     2133.03        5.062

  2 15 1  02 SALBONI                    20     3819.23    4000        15.277     2546.15       10.185

  2 15 1  03 KESHPUR                    16     3104.12     229         0.711     2069.41        0.474

  2 15 1  04 GARBETA-I                  16     3147.29    2443         7.689     2098.19        5.126

  2 15 1  05 GARBETA-II                 16     4390.25    1800         7.902     2926.83        5.268

  2 15 1  06 GARBETA-III                16     3220.10       0         0.000     2146.73        0.000

  2 15 2  07 KHARAGPUR-I                 0     3379.39    6935        23.436     2252.93       15.624

  2 15 2  08 KHARAGPUR-II               16     3761.71     899         3.382     2507.81        2.255

  2 15 2  09 DEBRA                      16     2780.79     121         0.336     1853.86        0.224

  2 15 2  10 PINGLA                     16     2993.84    1372         4.108     1995.89        2.738

  2 15 2  11 KESHIARY                   11     3506.85    1512         5.302     2337.90        3.535

  2 15 2  12 DANTAN-I                   16     3058.38      27         0.083     2038.92        0.055

  2 15 2  13 DANTAN-II                  12     3226.72       4         0.013     2151.15        0.009

  2 15 2  14 NARAYANGARH                16     3180.14     109         0.347     2120.09        0.231

  2 15 2  15 MOHANPUR                   10     3473.61       0         0.000     2315.74        0.000

  2 15 2  16 SABONG                     16     3369.39    7259        24.458     2246.26       16.306

  2 15 3  17 JHARGRAM                   18     3174.67     942         2.991     2116.45        1.994

  2 15 3  18 BINPUR-I                   17     3489.20      66         0.230     2326.13        0.154

  2 15 3  20 JAMBONI                    10     3464.71       0         0.000     2309.81        0.000

  2 15 3  21 NAYAGRAM                   16     3203.25     367         1.176     2135.50        0.784

  2 15 3  22 SANKRAIL                   16     4172.36    1489         6.213     2781.57        4.142

  2 15 3  23 GOPIBALLAVPUR-I            16     2527.38     648         1.638     1684.92        1.092

  2 15 3  24 GOPIBALLAVPUR-II           16     3395.11    2773         9.415     2263.41        6.276

  2 15 4  25 GHATAL                      0     3473.55    1959         6.805     2315.70        4.536          CROP: AUS      (02)                                                   PAGE NO:    16

                              BLOCK WISE YIELD RATE,AREA AND PRODUCTION OF  BHADUI CROPS, 2013-14
  --------------------------------------------------------------------------------------------------------------------------------
  D-DT-SD BLK BLOCK NAME              NCCE    DRY YR     AREA       DRY PRODN   YR CLRICE   PRODN CLRICE
                                             (kg/hec)    (hec)    (000 tonnes)  (kg/hec)    (000 tonnes)
  --------------------------------------------------------------------------------------------------------------------------------
  2 15 4  26 DASPUR-I                    0     3473.55     535         1.858     2315.70        1.239

  2 15 4  28 CHANDRAKONA-I              14     3871.24       0         0.000     2580.83        0.000

  2 15 4  29 CHANDRAKONA-II             13     3862.21       0         0.000     2574.81        0.000


  --------------------------------------------------------------------------------------------------------------------------------
    15    PASCHIM MEDINIPUR            365     3458.90   37862       130.961     2305.93       87.307
  --------------------------------------------------------------------------------------------------------------------------------