          CROP: BORO     (17)                                                   PAGE NO:    17

                              BLOCK WISE YIELD RATE,AREA AND PRODUCTION OF  SUMMER CROPS, 2013-14
  --------------------------------------------------------------------------------------------------------------------------------
  D-DT-SD BLK BLOCK NAME              NCCE    DRY YR     AREA       DRY PRODN   YR CLRICE   PRODN CLRICE
                                             (kg/hec)    (hec)    (000 tonnes)  (kg/hec)    (000 tonnes)
  --------------------------------------------------------------------------------------------------------------------------------
  2 15 1  01 MIDNAPUR SADAR             16     4573.76     302         1.381     3049.17        0.921

  2 15 1  02 SALBONI                    16     5068.03     929         4.708     3378.69        3.139

  2 15 1  03 KESHPUR                    16     3998.55   14671        58.663     2665.70       39.108

  2 15 1  04 GARBETA-I                  16     4471.64     522         2.334     2981.09        1.556

  2 15 1  05 GARBETA-II                 16     4854.50    2450        11.894     3236.33        7.929

  2 15 1  06 GARBETA-III                16     3580.80     731         2.618     2387.20        1.745

  2 15 2  07 KHARAGPUR-I                16     5182.73    2798        14.501     3455.15        9.668

  2 15 2  08 KHARAGPUR-II               16     5962.98    3156        18.819     3975.32       12.546

  2 15 2  09 DEBRA                      17     5184.62   18987        98.440     3456.41       65.627

  2 15 2  10 PINGLA                     16     4698.77   14225        66.840     3132.51       44.560

  2 15 2  11 KESHIARY                   16     5562.48    7666        42.642     3708.32       28.428

  2 15 2  12 DANTAN-I                   16     6002.90    9146        54.903     4001.93       36.602

  2 15 2  13 DANTAN-II                  16     5831.47   11346        66.164     3887.65       44.109

  2 15 2  14 NARAYANGARH                16     5273.76   17073        90.039     3515.84       60.026

  2 15 2  15 MOHANPUR                   16     4921.61    4388        21.596     3281.07       14.397

  2 15 2  16 SABONG                     16     5781.46   22354       129.239     3854.31       86.159

  2 15 3  17 JHARGRAM                   16     5579.80       0         0.000     3719.87        0.000

  2 15 3  18 BINPUR-I                   16     5049.35     738         3.726     3366.23        2.484

  2 15 3  19 BINPUR-II                  16     4409.28     550         2.425     2939.52        1.617

  2 15 3  20 JAMBONI                    16     4368.50    1106         4.832     2912.33        3.221

  2 15 3  21 NAYAGRAM                   16     4395.86     421         1.851     2930.57        1.234

  2 15 3  22 SANKRAIL                   16     4393.93    4152        18.244     2929.29       12.162

  2 15 3  23 GOPIBALLAVPUR-I            16     4586.14     874         4.008     3057.43        2.672

  2 15 3  24 GOPIBALLAVPUR-II           16     4629.97     951         4.403     3086.65        2.935
          CROP: BORO     (17)                                                   PAGE NO:    18

                              BLOCK WISE YIELD RATE,AREA AND PRODUCTION OF  SUMMER CROPS, 2013-14
  --------------------------------------------------------------------------------------------------------------------------------
  D-DT-SD BLK BLOCK NAME              NCCE    DRY YR     AREA       DRY PRODN   YR CLRICE   PRODN CLRICE
                                             (kg/hec)    (hec)    (000 tonnes)  (kg/hec)    (000 tonnes)
  --------------------------------------------------------------------------------------------------------------------------------
  2 15 4  25 GHATAL                     16     4729.79   12040        56.947     3153.19       37.964

  2 15 4  26 DASPUR-I                   16     4665.92    8335        38.890     3110.61       25.927

  2 15 4  27 DASPUR-II                  16     4118.74    7019        28.909     2745.83       19.273

  2 15 4  28 CHANDRAKONA-I              16     6004.78    7546        45.312     4003.19       30.208

  2 15 4  29 CHANDRAKONA-II             16     4735.08    1794         8.495     3156.72        5.663


  --------------------------------------------------------------------------------------------------------------------------------
    15    PASCHIM MEDINIPUR            465     5121.82  176270       902.822     3414.55      601.882
  --------------------------------------------------------------------------------------------------------------------------------