          CROP: AUS      (02)                                                   PAGE NO:     3

                              BLOCK WISE YIELD RATE,AREA AND PRODUCTION OF  BHADUI CROPS, 2015-16
  --------------------------------------------------------------------------------------------------------------------------------
  D-DT-SD BLK BLOCK NAME              NCCE    DRY YR     AREA       DRY PRODN   YR CLRICE   PRODN CLRICE
                                             (kg/hec)    (hec)    (000 tonnes)  (kg/hec)    (000 tonnes)
  --------------------------------------------------------------------------------------------------------------------------------
  3 03 1  01 COOCHBEHAR-I               18     2672.29     167         0.446     1781.53        0.298

  3 03 1  02 COOCHBEHAR-II              16     2540.16     393         0.998     1693.44        0.666

  3 03 2  03 DINHATA-I                  20     2281.46     855         1.951     1520.97        1.300

  3 03 2  04 DINHATA-II                 18     2131.28      43         0.092     1420.85        0.061

  3 03 2  05 SETAI                      17     2389.86     780         1.864     1593.24        1.243

  3 03 3  06 MATHABHANGA-I              19     2708.65      46         0.125     1805.77        0.083

  3 03 3  07 MATHABHANGA-II             20     3057.48      74         0.226     2038.32        0.151

  3 03 3  08 SITALKUCHI                 19     3065.73     341         1.045     2043.82        0.697

  3 03 4  09 TUFANGANJ-I                18     3078.34    1029         3.168     2052.23        2.112

  3 03 4  10 TUFANGANJ-II               20     2764.54     266         0.735     1843.03        0.490

  3 03 5  11 MEKHLIGANJ                 20     2813.80      83         0.234     1875.87        0.156

  3 03 5  12 HALDIBARI                  20     3158.69       7         0.022     2105.79        0.015


  --------------------------------------------------------------------------------------------------------------------------------
    03    KOCHBIHAR                    225     2670.38    4084        10.906     1780.25        7.271
  --------------------------------------------------------------------------------------------------------------------------------