          CROP: BORO     (17)                                                   PAGE NO:     3

                              BLOCK WISE YIELD RATE,AREA AND PRODUCTION OF  SUMMER CROPS, 2015-16
  --------------------------------------------------------------------------------------------------------------------------------
  D-DT-SD BLK BLOCK NAME              NCCE    DRY YR     AREA       DRY PRODN   YR CLRICE   PRODN CLRICE
                                             (kg/hec)    (hec)    (000 tonnes)  (kg/hec)    (000 tonnes)
  --------------------------------------------------------------------------------------------------------------------------------
  3 03 1  01 COOCHBEHAR-I               56     5909.29    7371        43.557     3939.53       29.038

  3 03 1  02 COOCHBEHAR-II              52     5176.18    3428        17.744     3450.79       11.829

  3 03 2  03 DINHATA-I                  56     5524.31    9082        50.172     3682.87       33.448

  3 03 2  04 DINHATA-II                 20     5099.47    7294        37.196     3399.65       24.797

  3 03 2  05 SETAI                      20     4774.79    4047        19.324     3183.19       12.882

  3 03 3  06 MATHABHANGA-I              20     5547.81    3754        20.826     3698.54       13.884

  3 03 3  07 MATHABHANGA-II             40     4629.71    5266        24.380     3086.47       16.253

  3 03 3  08 SITALKUCHI                  0     5016.96    5286        26.520     3344.64       17.680

  3 03 4  09 TUFANGANJ-I                20     4224.55    5508        23.269     2816.37       15.513

  3 03 4  10 TUFANGANJ-II               20     4686.42    4128        19.346     3124.28       12.897

  3 03 5  11 MEKHLIGANJ                 20     4590.29     323         1.483     3060.19        0.988

  3 03 5  12 HALDIBARI                  24     4366.53     145         0.633     2911.02        0.422


  --------------------------------------------------------------------------------------------------------------------------------
    03    COOCHBEHAR                   348     5113.04   55632       284.449     3408.69      189.632
  --------------------------------------------------------------------------------------------------------------------------------