        CROP: AMAN     (05)                                                   PAGE NO:     3

                              BLOCK WISE YIELD RATE,AREA AND PRODUCTION OF  WINTER CROPS, 2015-16
  --------------------------------------------------------------------------------------------------------------------------------
  D-DT-SD BLK BLOCK NAME              NCCE    DRY YR     AREA       DRY PRODN   YR CLRICE   PRODN CLRICE
                                             (kg/hec)    (hec)    (000 tonnes)  (kg/hec)    (000 tonnes)
  --------------------------------------------------------------------------------------------------------------------------------
  3 03 1  01 COOCHBEHAR-I               20     3505.87   20037        70.247     2337.25       46.831

  3 03 1  02 COOCHBEHAR-II              52     4498.87   22217        99.951     2999.25       66.634

  3 03 2  03 DINHATA-I                  20     3134.61   19033        59.661     2089.74       39.774

  3 03 2  04 DINHATA-II                 20     3052.09   18715        57.120     2034.73       38.080

  3 03 2  05 SETAI                      20     3247.15   10028        32.562     2164.77       21.708

  3 03 3  06 MATHABHANGA-I              40     3978.63   20030        79.692     2652.42       53.128

  3 03 3  07 MATHABHANGA-II             40     4074.75   20383        83.056     2716.50       55.370

  3 03 3  08 SITALKUCHI                  0     4041.14   20014        80.879     2694.09       53.920

  3 03 4  09 TUFANGANJ-I                20     3016.53   18154        54.762     2011.02       36.508

  3 03 4  10 TUFANGANJ-II               20     4043.30   15159        61.292     2695.53       40.862

  3 03 5  11 MEKHLIGANJ                 32     3889.14   17425        67.768     2592.76       45.179

  3 03 5  12 HALDIBARI                  24     4440.30    9234        41.002     2960.20       27.334


  --------------------------------------------------------------------------------------------------------------------------------
    03    COOCHBEHAR                   308     3744.70  210429       787.993     2496.47      525.329
  --------------------------------------------------------------------------------------------------------------------------------