          CROP: MUSTARD  (15)                                                   PAGE NO:    14

                              BLOCK WISE YIELD RATE,AREA AND PRODUCTION OF  RABI   CROPS, 2015-16
  --------------------------------------------------------------------------------------------------------------------------------
  D-DT-SD BLK BLOCK NAME              NCCE    DRY YR     AREA       DRY PRODN
                                             (kg/hec)    (hec)    (000 tonnes)
  --------------------------------------------------------------------------------------------------------------------------------
  2 12 1  01 PANDUA                     16      916.27     290         0.266

  2 12 1  02 DHANIAKHALI                16      669.19     930         0.622

  2 12 1  03 POLBA - DADPUR             16      575.08      94         0.054

  2 12 1  04 BALAGARH                   16      724.17     831         0.602

  2 12 1  05 CHINSURAH - MOGRA          16      637.44      67         0.043

  2 12 2  06 SREERAMPUR - UTTARPA       16      943.16      13         0.012

  2 12 2  07 CHANDITALA-I               16      750.94     689         0.517

  2 12 2  08 CHANDITALA-II              16      901.14       6         0.005

  2 12 2  09 JANGIPARA                  16      747.78     217         0.162

  2 12 3  10 SINGUR                     16      958.32     508         0.487

  2 12 3  11 HARIPAL                    16      796.51     705         0.562

  2 12 3  12 TARAKESWAR                 16      794.90      65         0.052

  2 12 4  13 ARAMBAG                    16      855.61     715         0.612

  2 12 4  14 PURSURAH                   16      958.73     196         0.188

  2 12 4  15 GOGHAT-I                   16      763.66    1111         0.848

  2 12 4  16 GOGHAT-II                  16      767.96     218         0.167

  2 12 4  17 KHANAKUL-I                 16      854.55     464         0.397

  2 12 4  18 KHANAKUL-II                16      871.59     690         0.601


  --------------------------------------------------------------------------------------------------------------------------------
    12    HUGLI                        288      793.62    7809         6.197
  --------------------------------------------------------------------------------------------------------------------------------