          CROP: JUTE     (01)                                                   PAGE NO:    13

                              BLOCK WISE YIELD RATE,AREA AND PRODUCTION OF  BHADUI CROPS, 2015-16
  --------------------------------------------------------------------------------------------------------------------------------
  D-DT-SD BLK BLOCK NAME              NCCE    DRY YR     AREA       DRY PRODN
                                              (bales/hec)(hec)    ('000 bales)
  --------------------------------------------------------------------------------------------------------------------------------
  2 12 1  01 PANDUA                      4       15.59      20         0.312

  2 12 1  02 DHANIAKHALI                16       13.66     255         3.483

  2 12 1  03 POLBA/DADPUR               14       15.57     861        13.406

  2 12 1  04 BALAGARH                   16       16.62     830        13.795

  2 12 1  05 CHINSURAH/MOGRA             1       15.75      73         1.150

  2 12 2  06 UTTARPARA/SRIRAMPORE        0       18.31      69         1.263

  2 12 2  07 CHANDITALA-I               16       14.31     513         7.341

  2 12 2  08 CHANDITALA-II              16       19.92    2208        43.983

  2 12 2  09 JANGIPARA                  16       12.20     247         3.013

  2 12 3  10 SINGUR                     16       21.61    2704        58.433

  2 12 3  11 HARIPAL                    16       12.32     114         1.404

  2 12 3  12 TARAKESWAR                 16       19.98    2154        43.037

  2 12 4  13 ARAMBAG                    16       18.71     175         3.274

  2 12 4  14 PURSURAH                   16       20.64    2158        44.541

  2 12 4  17 KHANAKUL-I                 16       15.57     472         7.349

  2 12 4  18 KHANAKUL-II                16       18.84     459         8.648


  --------------------------------------------------------------------------------------------------------------------------------
    12    HUGLI                        211       19.11   13312       254.433
  --------------------------------------------------------------------------------------------------------------------------------