          CROP: BORO     (17)                                                   PAGE NO:    12

                              BLOCK WISE YIELD RATE,AREA AND PRODUCTION OF  SUMMER CROPS, 2015-16
  --------------------------------------------------------------------------------------------------------------------------------
  D-DT-SD BLK BLOCK NAME              NCCE    DRY YR     AREA       DRY PRODN   YR CLRICE   PRODN CLRICE
                                             (kg/hec)    (hec)    (000 tonnes)  (kg/hec)    (000 tonnes)
  --------------------------------------------------------------------------------------------------------------------------------
  2 12 1  01 PANDUA                     64     3463.76    4887        16.927     2309.17       11.285

  2 12 1  02 DHANIAKHALI                71     4806.55    4086        19.640     3204.37       13.093

  2 12 1  03 POLBA/DADPUR               48     4655.38    9617        44.771     3103.59       29.847

  2 12 1  04 BALAGARH                   52     5086.94    9770        49.699     3391.29       33.133

  2 12 1  05 CHINSURAH/MOGRA            24     4379.90    1696         7.428     2919.93        4.952

  2 12 2  06 UTTARPARA/SRIRAMPORE       20     5324.67      70         0.373     3549.78        0.248

  2 12 2  07 CHANDITALA-I               36     4401.20    3075        13.534     2934.13        9.022

  2 12 2  08 CHANDITALA-II              36     4907.05     319         1.565     3271.37        1.044

  2 12 2  09 JANGIPARA                  40     5173.63    3967        20.524     3449.09       13.683

  2 12 3  10 SINGUR                     64     4827.17    1775         8.568     3218.11        5.712

  2 12 3  11 HARIPAL                    60     4478.34    2064         9.243     2985.56        6.162

  2 12 3  12 TARAKESWAR                 44     4454.98     623         2.775     2969.99        1.850

  2 12 4  13 ARAMBAG                    64     4807.69   11971        57.553     3205.13       38.369

  2 12 4  14 PURSURAH                   16     4402.70       6         0.026     2935.13        0.018

  2 12 4  15 GOGHAT-I                   28     5120.00    7847        40.177     3413.33       26.784

  2 12 4  16 GOGHAT-II                  36     5358.58    4419        23.680     3572.39       15.786

  2 12 4  17 KHANAKUL-I                 52     5127.75    8149        41.786     3418.50       27.857

  2 12 4  18 KHANAKUL-II                44     6318.46    6210        39.238     4212.31       26.158


  --------------------------------------------------------------------------------------------------------------------------------
    12    HOOGHLY                      799     4934.85   80551       397.507     3289.90      265.005
  --------------------------------------------------------------------------------------------------------------------------------