          CROP: TIL      (18)                                                   PAGE NO:    14

                              BLOCK WISE YIELD RATE,AREA AND PRODUCTION OF  SUMMER CROPS, 2015-16
  --------------------------------------------------------------------------------------------------------------------------------
  D-DT-SD BLK BLOCK NAME              NCCE    DRY YR     AREA       DRY PRODN
                                             (kg/hec)    (hec)    (000 tonnes)
  --------------------------------------------------------------------------------------------------------------------------------
  2 12 1  01 PANDUA                     16      975.05    4097         3.995

  2 12 1  02 DHANIAKHALI                16      905.91    4781         4.331

  2 12 1  03 POLBA/DADPUR               16      937.04    1286         1.205

  2 12 1  04 BALAGARH                   16      895.95     943         0.845

  2 12 1  05 CHINSURAH/MOGRA            16      873.38       1         0.001

  2 12 2  06 UTTARPARA/SRIRAMPORE       16     1123.88      43         0.048

  2 12 2  07 CHANDITALA-I               16     1097.05     253         0.278

  2 12 2  08 CHANDITALA-II              16     1206.80     113         0.136

  2 12 2  09 JANGIPARA                  16      914.56    3330         3.045

  2 12 3  10 SINGUR                     16     1207.09     654         0.789

  2 12 3  11 HARIPAL                    16      852.93    4122         3.516

  2 12 3  12 TARAKESWAR                 16      978.17    5688         5.564

  2 12 4  13 ARAMBAG                    16     1374.29    5007         6.881

  2 12 4  14 PURSURAH                   16     1236.63    3058         3.782

  2 12 4  15 GOGHAT-I                   16      975.76    2480         2.420

  2 12 4  16 GOGHAT-II                  16     1005.50    4473         4.498

  2 12 4  17 KHANAKUL-I                 16     1219.67    1279         1.560

  2 12 4  18 KHANAKUL-II                16      960.33     454         0.436


  --------------------------------------------------------------------------------------------------------------------------------
    12    HUGLI                        288     1030.14   42062        43.330
  --------------------------------------------------------------------------------------------------------------------------------