          CROP: AMAN     (05)                                                   PAGE NO:    14

                              BLOCK WISE YIELD RATE,AREA AND PRODUCTION OF  WINTER CROPS, 2015-16
  --------------------------------------------------------------------------------------------------------------------------------
  D-DT-SD BLK BLOCK NAME              NCCE    DRY YR     AREA       DRY PRODN   YR CLRICE   PRODN CLRICE
                                             (kg/hec)    (hec)    (000 tonnes)  (kg/hec)    (000 tonnes)
  --------------------------------------------------------------------------------------------------------------------------------
  2 12 1  01 PANDUA                     64     4790.71   20564        98.516     3193.81       65.677

  2 12 1  02 DHANIAKHALI                72     5047.88   18395        92.856     3365.25       61.904

  2 12 1  03 POLBA/DADPUR               48     4265.68   18476        78.813     2843.79       52.542

  2 12 1  04 BALAGARH                   52     5156.65   12234        63.086     3437.77       42.058

  2 12 1  05 CHINSURAH/MOGRA            40     4931.38    2502        12.338     3287.59        8.226

  2 12 2  06 UTTARPARA/SRIRAMPORE       20     4075.92     328         1.337     2717.28        0.891

  2 12 2  07 CHANDITALA-I               36     3727.40    6629        24.709     2484.93       16.473

  2 12 2  08 CHANDITALA-II              40     4172.98    1953         8.150     2781.99        5.433

  2 12 2  09 JANGIPARA                  40     4351.10   11487        49.981     2900.73       33.321

  2 12 3  10 SINGUR                     72     4609.96    6041        27.849     3073.31       18.566

  2 12 3  11 HARIPAL                    60     4472.08   13003        58.150     2981.39       38.767

  2 12 3  12 TARAKESWAR                 44     6348.05    7969        50.588     4232.03       33.725

  2 12 4  13 ARAMBAG                    64     5068.59   19548        99.081     3379.06       66.054

  2 12 4  14 PURSURAH                   32     4940.67    7978        39.417     3293.78       26.278

  2 12 4  15 GOGHAT-I                   28     5628.58   11837        66.626     3752.39       44.417

  2 12 4  16 GOGHAT-II                  36     5825.11   13539        78.866     3883.41       52.577

  2 12 4  17 KHANAKUL-I                 52     1199.96   10868        13.041      799.97        8.694

  2 12 4  18 KHANAKUL-II                44     2417.32    4813        11.635     1611.55        7.756


  --------------------------------------------------------------------------------------------------------------------------------
    12    HOOGHLY                      844     4650.40  188164       875.038     3100.27      583.359
  --------------------------------------------------------------------------------------------------------------------------------