          CROP: AUS      (02)                                                   PAGE NO:    13

                              BLOCK WISE YIELD RATE,AREA AND PRODUCTION OF  BHADUI CROPS, 2015-16
  --------------------------------------------------------------------------------------------------------------------------------
  D-DT-SD BLK BLOCK NAME              NCCE    DRY YR     AREA       DRY PRODN   YR CLRICE   PRODN CLRICE
                                             (kg/hec)    (hec)    (000 tonnes)  (kg/hec)    (000 tonnes)
  --------------------------------------------------------------------------------------------------------------------------------
  2 12 1  01 PANDUA                      7     3807.85     284         1.081     2538.57        0.721

  2 12 1  02 DHANIAKHALI                 0     3791.90     314         1.191     2527.93        0.794

  2 12 1  03 POLBA/DADPUR                0     3791.90     163         0.618     2527.93        0.412

  2 12 1  04 BALAGARH                    6     3724.39     160         0.596     2482.93        0.397

  2 12 1  05 CHINSURAH/MOGRA             0     3791.90       6         0.023     2527.93        0.015

  2 12 2  06 UTTARPARA/SRIRAMPORE        4     3849.48      96         0.370     2566.32        0.246

  2 12 2  07 CHANDITALA-I                0     3847.81     119         0.458     2565.21        0.305

  2 12 2  09 JANGIPARA                   0     3847.81      10         0.038     2565.21        0.026

  2 12 3  10 SINGUR                      0     3847.81    1278         4.918     2565.21        3.278

  2 12 3  11 HARIPAL                     0     3847.81     301         1.158     2565.21        0.772

  2 12 3  12 TARAKESWAR                  0     3847.81     496         1.909     2565.21        1.272

  2 12 4  13 ARAMBAG                     0     3844.90     357         1.373     2563.27        0.915

  2 12 4  14 PURSURAH                   16     4285.84    2005         8.593     2857.23        5.729

  2 12 4  15 GOGHAT-I                   16     3564.16    1055         3.760     2376.11        2.507

  2 12 4  16 GOGHAT-II                  16     3728.78    1328         4.952     2485.85        3.301

  2 12 4  17 KHANAKUL-I                 16     3568.34     915         3.265     2378.89        2.177

  2 12 4  18 KHANAKUL-II                16     3567.45      19         0.068     2378.30        0.045


  --------------------------------------------------------------------------------------------------------------------------------
    12    HUGLI                         97     3859.14    8906        34.370     2572.76       22.913
  --------------------------------------------------------------------------------------------------------------------------------