          CROP: AMAN     (05)                                                   PAGE NO:    19

                              BLOCK WISE YIELD RATE,AREA AND PRODUCTION OF  WINTER CROPS, 2015-16
  --------------------------------------------------------------------------------------------------------------------------------
  D-DT-SD BLK BLOCK NAME              NCCE    DRY YR     AREA       DRY PRODN   YR CLRICE   PRODN CLRICE
                                             (kg/hec)    (hec)    (000 tonnes)  (kg/hec)    (000 tonnes)
  --------------------------------------------------------------------------------------------------------------------------------
  1 16 1  01 DOMJUR                     16       64.96    2016         0.131       43.31        0.087

  1 16 1  03 SANKRAIL                   36     2239.28     419         0.938     1492.85        0.626

  1 16 1  04 JAGAT-BALLAVPUR            16     2914.65    8116        23.655     1943.10       15.770

  1 16 1  05 PANCHLA                    20     2351.93    3575         8.408     1567.95        5.605

  1 16 2  06 AMTA-I                     20      575.46    7502         4.317      383.64        2.878

  1 16 2  07 AMTA-II                    56     2984.94    8256        24.644     1989.96       16.429

  1 16 2  08 UDAYNARAYANPUR             44     2351.21    7070        16.623     1567.47       11.082

  1 16 2  09 BAGNAN-I                   40      791.97    4066         3.220      527.98        2.147

  1 16 2  10 BAGNAN-II                  28      696.98    3897         2.716      464.65        1.811

  1 16 2  11 ULUBERIA-I                 28     3045.07    5597        17.043     2030.05       11.362

  1 16 2  12 ULUBERIA-II                22     1223.92    3742         4.580      815.95        3.053

  1 16 2  13 SHYAMPUR-I                 40     2648.30    8690        23.014     1765.53       15.342

  1 16 2  14 SHYAMPUR-II                32     1242.36    7181         8.921      828.24        5.948


  --------------------------------------------------------------------------------------------------------------------------------
    16    HOWRAH                       398     1970.87   70127       138.211     1313.91       92.141
  --------------------------------------------------------------------------------------------------------------------------------