          CROP: BORO     (17)                                                   PAGE NO:    17

                              BLOCK WISE YIELD RATE,AREA AND PRODUCTION OF  SUMMER CROPS, 2015-16
  --------------------------------------------------------------------------------------------------------------------------------
  D-DT-SD BLK BLOCK NAME              NCCE    DRY YR     AREA       DRY PRODN   YR CLRICE   PRODN CLRICE
                                             (kg/hec)    (hec)    (000 tonnes)  (kg/hec)    (000 tonnes)
  --------------------------------------------------------------------------------------------------------------------------------
  1 16 1  01 DOMJUR                     24     5422.90     145         0.786     3615.27        0.524

  1 16 1  03 SANKRAIL                   32     3952.99     161         0.636     2635.33        0.424

  1 16 1  04 JAGAT-BALLAVPUR            56     5739.04    3753        21.539     3826.03       14.359

  1 16 1  05 PANCHLA                    36     4799.58    3463        16.621     3199.72       11.081

  1 16 2  06 AMTA-I                     48     4168.44    4842        20.184     2778.96       13.456

  1 16 2  07 AMTA-II                    56     4416.02    5117        22.597     2944.01       15.065

  1 16 2  08 UDAYNARAYANPUR             44     4097.46      11         0.045     2731.64        0.030

  1 16 2  09 BAGNAN-I                   40     5422.98    2660        14.425     3615.32        9.617

  1 16 2  10 BAGNAN-II                  28     4642.68    2956        13.724     3095.12        9.149

  1 16 2  11 ULUBERIA-I                 36     4417.58    3539        15.634     2945.05       10.423

  1 16 2  12 ULUBERIA-II                28     4879.27     377         1.839     3252.85        1.226

  1 16 2  13 SHYAMPUR-I                 40     4185.30    8563        35.839     2790.20       23.892

  1 16 2  14 SHYAMPUR-II                32     4616.00    5586        25.785     3077.33       17.190


  --------------------------------------------------------------------------------------------------------------------------------
    16    HOWRAH                       500     4606.26   41173       189.654     3070.84      126.436
  --------------------------------------------------------------------------------------------------------------------------------