          CROP: AMAN     (05)                                                   PAGE NO:    13

                              BLOCK WISE YIELD RATE,AREA AND PRODUCTION OF  WINTER CROPS, 2015-16
  --------------------------------------------------------------------------------------------------------------------------------
  D-DT-SD BLK BLOCK NAME              NCCE    DRY YR     AREA       DRY PRODN   YR CLRICE   PRODN CLRICE
                                             (kg/hec)    (hec)    (000 tonnes)  (kg/hec)    (000 tonnes)
  --------------------------------------------------------------------------------------------------------------------------------
  1 11 1  01 BARRACKPUR-I               18     4727.62    2473        11.691     3151.75        7.794

  1 11 1  02 BARRACKPUR-II               0     4685.30     132         0.618     3123.53        0.412

  1 11 2  03 HABRA-I                    20     4365.90    3366        14.696     2910.60        9.797

  1 11 2  04 HABRA-II                   28     4881.13    3541        17.284     3254.09       11.523

  1 11 2  05 DEGANGA                    52     4395.14    7646        33.605     2930.09       22.403

  1 11 2  06 BARASAT-I                  22     4395.45    2994        13.160     2930.30        8.773

  1 11 2  07 BARASAT-II                 20     4143.57    5848        24.232     2762.38       16.154

  1 11 2  08 AMDANGA                    20     3903.49    7800        30.447     2602.33       20.298

  1 11 2  09 RAJARHAT                   16     4889.24    2278        11.138     3259.49        7.425

  1 11 3  10 BAGDAH                     20     4521.53    8509        38.474     3014.35       25.649

  1 11 3  11 BONGAON                    64     4601.41    8907        40.985     3067.61       27.323

  1 11 3  12 GAIGHATA                   52     4558.88    9529        43.442     3039.25       28.961

  1 11 4  13 SWARUPNAGAR                32     4769.62   10993        52.432     3179.75       34.955

  1 11 4  14 HASNABAD                   36     3036.17    9363        28.428     2024.11       18.952

  1 11 4  15 HINGALGANJ                  0     3969.86   17439        69.230     2646.57       46.154

  1 11 4  16 HAROA                       0     3969.86    5195        20.623     2646.57       13.749

  1 11 4  17 MINAKHAN                    0     3969.86   10624        42.176     2646.57       28.117

  1 11 4  18 SANDESHKHALI-I              0     3969.86    3544        14.069     2646.57        9.379

  1 11 4  19 SANDESHKHALI-II             0     3969.86    3994        15.856     2646.57       10.570

  1 11 4  20 BADURIA                     0     3969.86    9817        38.972     2646.57       25.981

  1 11 4  21 BASIRHAT-I                 20     3769.10    3339        12.585     2512.73        8.390

  1 11 4  22 BASIRHAT-II                20     4007.97    2615        10.481     2671.98        6.987


  --------------------------------------------------------------------------------------------------------------------------------
    11    N.24-PARGANAS                440     4177.50  139946       584.624     2785.00      389.749
  --------------------------------------------------------------------------------------------------------------------------------