          CROP: MUSUR    (09)                                                   PAGE NO:    13

                              BLOCK WISE YIELD RATE,AREA AND PRODUCTION OF  RABI   CROPS, 2015-16
  --------------------------------------------------------------------------------------------------------------------------------
  D-DT-SD BLK BLOCK NAME              NCCE    DRY YR     AREA       DRY PRODN
                                             (kg/hec)    (hec)    (000 tonnes)
  --------------------------------------------------------------------------------------------------------------------------------
  1 11 1  01 BARRACKPUR-I               16      352.55      86         0.030

  1 11 2  03 HABRA-I                    16      455.87     476         0.217

  1 11 2  04 HABRA-II                   16      479.17     202         0.097

  1 11 2  05 DEGANGA                    16      433.46      40         0.017

  1 11 2  06 BARASAT-I                  18      576.69     649         0.374

  1 11 2  07 BARASAT-II                 18      473.82     764         0.362

  1 11 2  08 AMDANGA                    20     1168.02     157         0.183

  1 11 3  10 BAGDA                      16      532.77    1158         0.617

  1 11 3  11 BONGAON                    16      570.92    1381         0.788

  1 11 3  12 GAIGHATA                   18      744.89     976         0.727

  1 11 4  13 SWARUPNAGAR                16      638.38     511         0.326

  1 11 4  14 HANSNABAD                   0      601.42     205         0.123

  1 11 4  16 HAROA                       0      601.42      14         0.008

  1 11 4  20 BADURIA                    16      594.98     401         0.239

  1 11 4  21 BASIRHAT-I                 16      659.64     118         0.078

  1 11 4  22 BASIRHAT-II                16      463.02     139         0.064


  --------------------------------------------------------------------------------------------------------------------------------
    11    N.24-PARGANAS                234      584.33    7277         4.252
  --------------------------------------------------------------------------------------------------------------------------------