          CROP: BORO     (17)                                                   PAGE NO:    11

                              BLOCK WISE YIELD RATE,AREA AND PRODUCTION OF  SUMMER CROPS, 2015-16
  --------------------------------------------------------------------------------------------------------------------------------
  D-DT-SD BLK BLOCK NAME              NCCE    DRY YR     AREA       DRY PRODN   YR CLRICE   PRODN CLRICE
                                             (kg/hec)    (hec)    (000 tonnes)  (kg/hec)    (000 tonnes)
  --------------------------------------------------------------------------------------------------------------------------------
  1 11 1  01 BARRACKPUR-I               28     4849.76    1781         8.637     3233.17        5.758

  1 11 2  03 HABRA-I                    28     4777.04    2841        13.572     3184.69        9.048

  1 11 2  04 HABRA-II                   30     4323.04    3886        16.799     2882.03       11.200

  1 11 2  05 DEGANGA                    52     4568.51    4573        20.892     3045.67       13.928

  1 11 2  06 BARASAT-I                  36     4841.32    1259         6.095     3227.55        4.063

  1 11 2  07 BARASAT-II                 14     4722.20    3404        16.074     3148.13       10.716

  1 11 2  08 AMDANGA                    32     4962.42    4474        22.202     3308.28       14.801

  1 11 2  09 RAJARHAT                   16     4564.07     439         2.004     3042.71        1.336

  1 11 3  10 BAGDAH                     20     4753.81    6304        29.968     3169.21       19.979

  1 11 3  11 BONGAON                    64     5131.02   13859        71.111     3420.68       47.407

  1 11 3  12 GAIGHATA                   48     5398.27    8210        44.320     3598.85       29.547

  1 11 4  13 SWARUPNAGAR                40     5233.71    7067        36.987     3489.14       24.658

  1 11 4  14 HASNABAD                   20     5711.25     984         5.620     3807.50        3.747

  1 11 4  16 HAROA                      32     4957.80     855         4.239     3305.20        2.826

  1 11 4  17 MINAKHAN                   32     4676.06    2311        10.806     3117.37        7.204

  1 11 4  20 BADURIA                    18     5044.56    5748        28.996     3363.04       19.331

  1 11 4  21 BASIRHAT-I                 28     4998.37    2117        10.582     3332.25        7.054

  1 11 4  22 BASIRHAT-II                36     4779.65    2327        11.122     3186.43        7.415


  --------------------------------------------------------------------------------------------------------------------------------
    11    N.24-PARGANAS                574     4970.05   72439       360.026     3313.37      240.017
  --------------------------------------------------------------------------------------------------------------------------------