          CROP: TIL      (18)                                                   PAGE NO:    13

                              BLOCK WISE YIELD RATE,AREA AND PRODUCTION OF  SUMMER CROPS, 2015-16
  --------------------------------------------------------------------------------------------------------------------------------
  D-DT-SD BLK BLOCK NAME              NCCE    DRY YR     AREA       DRY PRODN
                                             (kg/hec)    (hec)    (000 tonnes)
  --------------------------------------------------------------------------------------------------------------------------------
  1 11 1  01 BARRACKPUR-I               16     1055.51     240         0.253

  1 11 2  03 HABRA-I                    16     1384.70     710         0.983

  1 11 2  04 HABRA-II                   16     1207.79     417         0.504

  1 11 2  05 DEGANGA                    16     1372.02    1112         1.526

  1 11 2  06 BARASAT-I                  18     1069.43     371         0.397

  1 11 2  07 BARASAT-II                  0     1246.70      98         0.122

  1 11 2  08 AMDANGA                    20     1078.46     408         0.440

  1 11 2  09 RAJARHAT                    0     1246.70      20         0.025

  1 11 3  10 BAGDAH                     17     1193.78     584         0.697

  1 11 3  11 BONGAON                    18     1202.97    2391         2.876

  1 11 3  12 GAIGHATA                   18     1266.97     208         0.264

  1 11 4  13 SWARUPNAGAR                16     1144.52     627         0.718

  1 11 4  14 HASNABAD                    0     1137.77     163         0.185

  1 11 4  16 HAROA                      18     1216.71     125         0.152

  1 11 4  17 MINAKHAN                    0     1137.77     137         0.156

  1 11 4  20 BADURIA                    16     1230.62     728         0.896

  1 11 4  21 BASIRHAT-I                 16      962.03     900         0.866

  1 11 4  22 BASIRHAT-II                16     1285.14      54         0.069


  --------------------------------------------------------------------------------------------------------------------------------
    11    N.24-PARGANAS                237     1197.55    9293        11.129
  --------------------------------------------------------------------------------------------------------------------------------