          CROP: WHEAT    (06)                                                   PAGE NO:    12

                              BLOCK WISE YIELD RATE,AREA AND PRODUCTION OF  RABI   CROPS, 2015-16
  --------------------------------------------------------------------------------------------------------------------------------
  D-DT-SD BLK BLOCK NAME              NCCE    DRY YR     AREA       DRY PRODN
                                             (kg/hec)    (hec)    (000 tonnes)
  --------------------------------------------------------------------------------------------------------------------------------
  1 11 2  03 HABRA-I                     0     2726.41     724         1.974

  1 11 2  04 HABRA-II                    2     2737.04     355         0.972

  1 11 2  05 DEGANGA                     5     2761.89    1657         4.576

  1 11 2  06 BARASAT-I                   5     2135.56       4         0.009

  1 11 2  08 AMDANGA                     6     1245.99     109         0.136

  1 11 3  10 BAGDA                       0     1737.18     748         1.299

  1 11 3  11 BONGAON                     5     2029.35    1072         2.175

  1 11 3  12 GAIGHATA                   11     1152.02     621         0.715

  1 11 4  13 SWARUPNAGAR                 3     1495.47     110         0.165

  1 11 4  14 HANSNABAD                   1     1926.46      27         0.052

  1 11 4  16 HAROA                       0     2230.38      14         0.031

  1 11 4  17 MINAKHAN                    0     2230.38       7         0.016

  1 11 4  20 BADURIA                     0     2230.38     115         0.256

  1 11 4  21 BASIRHAT-I                  1     1983.60     152         0.302


  --------------------------------------------------------------------------------------------------------------------------------
    11    N.24-PARGANAS                 39     2218.37    5715        12.678
  --------------------------------------------------------------------------------------------------------------------------------