          CROP: AUS      (02)                                                   PAGE NO:    12

                              BLOCK WISE YIELD RATE,AREA AND PRODUCTION OF  BHADUI CROPS, 2015-16
  --------------------------------------------------------------------------------------------------------------------------------
  D-DT-SD BLK BLOCK NAME              NCCE    DRY YR     AREA       DRY PRODN   YR CLRICE   PRODN CLRICE
                                             (kg/hec)    (hec)    (000 tonnes)  (kg/hec)    (000 tonnes)
  --------------------------------------------------------------------------------------------------------------------------------
  1 11 1  01 BARRACKPUR-I                0     4167.25    1936         8.068     2778.17        5.379

  1 11 1  02 BARRACKPUR-II               0     4167.25      20         0.083     2778.17        0.056

  1 11 2  03 HABRA-I                    16     4196.32    1100         4.616     2797.55        3.077

  1 11 2  04 HABRA-II                   16     4152.20     788         3.272     2768.13        2.181

  1 11 2  05 DEGANGA                    16     4136.12    1193         4.934     2757.41        3.290

  1 11 2  06 BARASAT-I                  18     4284.50    2652        11.362     2856.33        7.575

  1 11 2  07 BARASAT-II                  0     4190.01    3232        13.542     2793.34        9.028

  1 11 2  08 AMDANGA                    20     3324.60      49         0.163     2216.40        0.109

  1 11 2  09 RAJARHAT                    0     4190.01      70         0.293     2793.34        0.196

  1 11 3  10 BAGDAH                     16     3503.06     388         1.359     2335.37        0.906

  1 11 3  11 BONGAON                    16     4273.09    4194        17.921     2848.73       11.948

  1 11 3  12 GAIGHATA                   16     3384.44     445         1.506     2256.29        1.004

  1 11 4  13 SWARUPNAGAR                16     4148.27     974         4.040     2765.51        2.694

  1 11 4  15 HINGALGANJ                  0     3955.44     198         0.783     2636.96        0.522

  1 11 4  16 HAROA                       0     3955.44      32         0.127     2636.96        0.084

  1 11 4  18 SANDESHKHALI-I              0     3955.44     185         0.732     2636.96        0.488

  1 11 4  20 BADURIA                    16     3780.30     335         1.266     2520.20        0.844

  1 11 4  21 BASIRHAT-I                 16     3468.03     133         0.461     2312.02        0.307


  --------------------------------------------------------------------------------------------------------------------------------
    11    N.24-PARGANAS                182     4158.13   17924        74.530     2772.09       49.687
  --------------------------------------------------------------------------------------------------------------------------------