          CROP: MUSTARD  (15)                                                   PAGE NO:    13

                              BLOCK WISE YIELD RATE,AREA AND PRODUCTION OF  RABI   CROPS, 2015-16
  --------------------------------------------------------------------------------------------------------------------------------
  D-DT-SD BLK BLOCK NAME              NCCE    DRY YR     AREA       DRY PRODN
                                             (kg/hec)    (hec)    (000 tonnes)
  --------------------------------------------------------------------------------------------------------------------------------
  1 11 1  01 BARRACKPUR-I               16     1509.89     580         0.876

  1 11 1  02 BARRACKPUR-II               0     1417.33     207         0.293

  1 11 2  03 HABRA-I                    16     1306.68    1088         1.422

  1 11 2  04 HABRA-II                   16     1143.31     763         0.872

  1 11 2  05 DEGANGA                    16     1284.44    3884         4.989

  1 11 2  06 BARASAT-I                  18     1454.03    1197         1.740

  1 11 2  07 BARASAT-II                 18     1451.86    2476         3.595

  1 11 2  08 AMDANGA                    20     1167.25    1239         1.446

  1 11 2  09 RAJARHAT                   16     1119.95     585         0.655

  1 11 3  10 BAGDA                      16     1427.89    2847         4.065

  1 11 3  11 BONGAON                    16     1316.42    7151         9.414

  1 11 3  12 GAIGHATA                   18     1254.95    4994         6.267

  1 11 4  13 SWARUPNAGAR                16     1375.13    7027         9.663

  1 11 4  14 HANSNABAD                  16     1136.86    2643         3.005

  1 11 4  15 HINGALGANJ                  0     1323.46      56         0.074

  1 11 4  16 HAROA                      16     1226.84     846         1.038

  1 11 4  17 MINAKHAN                   17     1292.12    1271         1.642

  1 11 4  18 SANDESHKHALI-I              0     1323.46      10         0.013

  1 11 4  20 BADURIA                    16     1536.92    2471         3.798

  1 11 4  21 BASIRHAT-I                 16     1247.90    2327         2.904

  1 11 4  22 BASIRHAT-II                16     1254.32    2646         3.319


  --------------------------------------------------------------------------------------------------------------------------------
    11    N.24-PARGANAS                299     1319.22   46308        61.091
  --------------------------------------------------------------------------------------------------------------------------------