          CROP: JUTE     (01)                                                   PAGE NO:    12

                              BLOCK WISE YIELD RATE,AREA AND PRODUCTION OF  BHADUI CROPS, 2015-16
  --------------------------------------------------------------------------------------------------------------------------------
  D-DT-SD BLK BLOCK NAME              NCCE    DRY YR     AREA       DRY PRODN
                                              (bales/hec)(hec)    ('000 bales)
  --------------------------------------------------------------------------------------------------------------------------------
  1 11 1  01 BARRACKPUR-I               16       18.75    5216        97.800

  1 11 1  02 BARRACKPUR-II               0       18.75    5140        96.375

  1 11 2  03 HABRA-I                    16       18.18    5535       100.626

  1 11 2  04 HABRA-II                   16       16.02    1927        30.871

  1 11 2  05 DEGANGA                    16       17.19    5593        96.144

  1 11 2  06 BARASAT-I                  18       15.06    3204        48.252

  1 11 2  07 BARASAT-II                 18       12.24       1         0.012

  1 11 2  08 AMDANGA                    18       13.71    1405        19.263

  1 11 2  09 RAJARHAT                    0       16.71     204         3.409

  1 11 3  10 BAGDAH                     17       16.87    4790        80.807

  1 11 3  11 BONGAON                    16       15.96    6945       110.842

  1 11 3  12 GAIGHATA                   16       13.31    1456        19.379

  1 11 4  13 SWARUPNAGAR                16       12.95    1015        13.144

  1 11 4  14 HASNABAD                   16       13.41     941        12.619

  1 11 4  15 HINGALGANJ                  0       15.06      42         0.633

  1 11 4  16 HAROA                      16       16.77    3496        58.628

  1 11 4  17 MINAKHAN                    0       15.06      44         0.663

  1 11 4  20 BADURIA                    16       10.64     362         3.852

  1 11 4  21 BASIRHAT-I                 16       13.08     956        12.504

  1 11 4  22 BASIRHAT-II                16       15.45    3002        46.381


  --------------------------------------------------------------------------------------------------------------------------------
    11    N.24-PARGANAS                263       16.62   51274       852.203
  --------------------------------------------------------------------------------------------------------------------------------