          CROP: MASKALAI (10)                                                   PAGE NO:    12

                              BLOCK WISE YIELD RATE,AREA AND PRODUCTION OF  WINTER CROPS, 2015-16
  --------------------------------------------------------------------------------------------------------------------------------
  D-DT-SD BLK BLOCK NAME              NCCE    DRY YR     AREA       DRY PRODN
                                             (kg/hec)    (hec)    (000 tonnes)
  --------------------------------------------------------------------------------------------------------------------------------
  1 11 1  01 BARRACKPUR-I                0      821.20      60         0.049

  1 11 2  03 HABRA-I                     0      821.20     134         0.110

  1 11 2  04 HABRA-II                    0      821.20     150         0.123

  1 11 2  06 BARASAT-I                   0      821.20      12         0.010

  1 11 2  07 BARASAT-II                  0      821.20     469         0.385

  1 11 2  08 AMDANGA                     0      821.20      15         0.012

  1 11 2  09 RAJARHAT                    0      821.20       1         0.001

  1 11 3  10 BAGDAH                      0      821.20     612         0.503

  1 11 3  11 BONGAON                     0      821.20     864         0.710

  1 11 3  12 GAIGHATA                    0      821.20     311         0.255

  1 11 4  13 SWARUPNAGAR                 0      821.20     205         0.168

  1 11 4  14 HASNABAD                    0      821.20      71         0.058

  1 11 4  16 HAROA                       0      821.20      12         0.010

  1 11 4  20 BADURIA                     0      821.20      90         0.074

  1 11 4  21 BASIRHAT-I                  0      821.20      12         0.010

  1 11 4  22 BASIRHAT-II                 0      821.20      69         0.057


  --------------------------------------------------------------------------------------------------------------------------------
    11    N.24-PARGANAS                  0      821.20    3087         2.535
  --------------------------------------------------------------------------------------------------------------------------------