          CROP: MAIZE    (03)                                                   PAGE NO:     2

                              BLOCK WISE YIELD RATE,AREA AND PRODUCTION OF  BHADUI CROPS, 2015-16
  --------------------------------------------------------------------------------------------------------------------------------
  D-DT-SD BLK BLOCK NAME              NCCE    DRY YR     AREA       DRY PRODN
                                             (kg/hec)    (hec)    (000 tonnes)
  --------------------------------------------------------------------------------------------------------------------------------
  3 02 1  01 JALPAIGURI                  0     2198.99      29         0.064

  3 02 1  02 RAJGANJ                     0     2198.99     127         0.279

  3 02 1  03 MAINAGURI                   0     2198.99     121         0.266

  3 02 1  04 NAGRAKATA                  18     1187.82     482         0.573

  3 02 1  05 DHUPGURI                    0     2198.99     581         1.278

  3 02 1  06 MAL                         0     2198.99     192         0.422

  3 02 1  07 METIALI                     0     2198.99     121         0.266

  3 02 1  08 MADARIHAT                  20     2617.62    1027         2.688

  3 02 2  09 ALIPURDUAR-I                0     4264.48      66         0.281

  3 02 2  10 ALIPURDUAR-II               0     4264.48    1114         4.751

  3 02 2  11 KUMARGRAM                   0     4264.48     207         0.883

  3 02 2  12 KALCHINI                   20     2893.47     579         1.675

  3 02 2  13 FALAKATA                   20     5457.63     833         4.546


  --------------------------------------------------------------------------------------------------------------------------------
    02    JALPAIGURI                    78     3280.20    5479        17.972
  --------------------------------------------------------------------------------------------------------------------------------