          CROP: JUTE     (01)                                                   PAGE NO:     2

                              BLOCK WISE YIELD RATE,AREA AND PRODUCTION OF  BHADUI CROPS, 2015-16
  --------------------------------------------------------------------------------------------------------------------------------
  D-DT-SD BLK BLOCK NAME              NCCE    DRY YR     AREA       DRY PRODN
                                              (bales/hec)(hec)    ('000 bales)
  --------------------------------------------------------------------------------------------------------------------------------
  3 02 1  01 JALPAIGURI                 20        9.56    1335        12.763

  3 02 1  02 RAJGANJ                    20        9.89    1528        15.112

  3 02 1  03 MAINAGURI                  20       11.67    8736       101.949

  3 02 1  04 NAGRAKATA                  18        9.82     128         1.257

  3 02 1  05 DHUPGURI                   20        9.50    1316        12.502

  3 02 1  06 MAL                        19       11.10    1931        21.434

  3 02 1  07 METIALI                    20        8.94     955         8.538

  3 02 1  08 MADARIHAT                  20       15.81    8865       140.156

  3 02 2  09 ALIPURDUAR-I               20       13.13    3186        41.832

  3 02 2  10 ALIPURDUAR-II              20       11.43     674         7.704

  3 02 2  11 KUMARGRAM                  20       14.59    7561       110.315

  3 02 2  12 KALCHINI                   20        9.69     523         5.068

  3 02 2  13 FALAKATA                   20       10.89     508         5.532


  --------------------------------------------------------------------------------------------------------------------------------
    02    JALPAIGURI                   257       13.00   37246       484.161
  --------------------------------------------------------------------------------------------------------------------------------