          CROP: AMAN     (05)                                                   PAGE NO:     2

                              BLOCK WISE YIELD RATE,AREA AND PRODUCTION OF  WINTER CROPS, 2015-16
  --------------------------------------------------------------------------------------------------------------------------------
  D-DT-SD BLK BLOCK NAME              NCCE    DRY YR     AREA       DRY PRODN   YR CLRICE   PRODN CLRICE
                                             (kg/hec)    (hec)    (000 tonnes)  (kg/hec)    (000 tonnes)
  --------------------------------------------------------------------------------------------------------------------------------
  3 02 1  01 JALPAIGURI                 56     4663.52   27968       130.429     3109.01       86.953

  3 02 1  02 RAJGANJ                    44     3779.60   17619        66.593     2519.73       44.395

  3 02 1  03 MAINAGURI                  64     4281.99   19669        84.222     2854.66       56.148

  3 02 1  04 NAGRAKATA                  20     3441.00    4243        14.600     2294.00        9.733

  3 02 1  05 DHUPGURI                   48     4261.42   21830        93.027     2840.95       62.018

  3 02 1  06 MAL                        44     3410.84   10071        34.351     2273.89       22.900

  3 02 1  07 METIALI                    20     2843.75    2131         6.060     1895.83        4.040

  3 02 1  08 MADARIHAT                  20     2382.12    4051         9.650     1588.08        6.433

  3 02 2  09 ALIPURDUAR-I               40     3302.31   13374        44.165     2201.54       29.443

  3 02 2  10 ALIPURDUAR-II              40     2971.05   19358        57.514     1980.70       38.342

  3 02 2  11 KUMARGRAM                  20     2853.44    9750        27.821     1902.29       18.547

  3 02 2  12 KALCHINI                   20     3358.50    2787         9.360     2239.00        6.240

  3 02 2  13 FALAKATA                   20     4033.43   14926        60.203     2688.95       40.135


  --------------------------------------------------------------------------------------------------------------------------------
    02    JALPAIGURI                   456     3802.64  167777       637.995     2535.09      425.330
  --------------------------------------------------------------------------------------------------------------------------------