          CROP: MUSTARD  (15)                                                   PAGE NO:     2

                              BLOCK WISE YIELD RATE,AREA AND PRODUCTION OF  RABI   CROPS, 2015-16
  --------------------------------------------------------------------------------------------------------------------------------
  D-DT-SD BLK BLOCK NAME              NCCE    DRY YR     AREA       DRY PRODN
                                             (kg/hec)    (hec)    (000 tonnes)
  --------------------------------------------------------------------------------------------------------------------------------
  3 02 1  01 JALPAIGURI-SADAR           19      722.03    1095         0.791

  3 02 1  02 RAJGANJ                     8      535.36     439         0.235

  3 02 1  03 MAYNAGURI                  19      775.82    1020         0.791

  3 02 1  04 NAGRAKATA                  18      562.48      66         0.037

  3 02 1  05 DHUPGURI                   20      838.10      81         0.068

  3 02 1  06 MAL                        19      594.93      40         0.024

  3 02 1  07 MATIALI                    20      795.47      50         0.040

  3 02 1  08 MADARIHAT- BIRPARA         18      401.61     635         0.255

  3 02 2  09 ALIPURDUAR-I               19      721.88     136         0.098

  3 02 2  10 ALIPURDUAR-II              18      679.27    1037         0.704

  3 02 2  11 KUMARGRAM                  20      589.57     459         0.271

  3 02 2  12 KALCHINI                   20      740.68     234         0.173

  3 02 2  13 FALAKATA                   20      858.20    2243         1.925


  --------------------------------------------------------------------------------------------------------------------------------
    02    JALPAIGURI                   238      718.25    7535         5.412
  --------------------------------------------------------------------------------------------------------------------------------