          CROP: AUS      (02)                                                   PAGE NO:     2

                              BLOCK WISE YIELD RATE,AREA AND PRODUCTION OF  BHADUI CROPS, 2015-16
  --------------------------------------------------------------------------------------------------------------------------------
  D-DT-SD BLK BLOCK NAME              NCCE    DRY YR     AREA       DRY PRODN   YR CLRICE   PRODN CLRICE
                                             (kg/hec)    (hec)    (000 tonnes)  (kg/hec)    (000 tonnes)
  --------------------------------------------------------------------------------------------------------------------------------
  3 02 1  01 JALPAIGURI                 17     3256.85     967         3.149     2171.23        2.100

  3 02 1  02 RAJGANJ                    17     2903.29     229         0.665     1935.53        0.443

  3 02 1  03 MAINAGURI                  20     3539.70    3058        10.824     2359.80        7.216

  3 02 1  04 NAGRAKATA                  18     3386.66     200         0.677     2257.77        0.452

  3 02 1  05 DHUPGURI                   20     4074.99    8211        33.460     2716.66       22.306

  3 02 1  06 MAL                        18     2898.93     102         0.296     1932.62        0.197

  3 02 1  07 METIALI                    20     2889.38     474         1.370     1926.25        0.913

  3 02 1  08 MADARIHAT                  16     2911.64     571         1.663     1941.09        1.108

  3 02 2  09 ALIPURDUAR-I               20     4084.47    7355        30.041     2722.98       20.028

  3 02 2  10 ALIPURDUAR-II              20     2361.32     225         0.531     1574.21        0.354

  3 02 2  11 KUMARGRAM                  20     2845.40     181         0.515     1896.93        0.343

  3 02 2  12 KALCHINI                   20     1949.36     176         0.343     1299.57        0.229

  3 02 2  13 FALAKATA                   20     3422.61    7270        24.882     2281.74       16.588


  --------------------------------------------------------------------------------------------------------------------------------
    02    JALPAIGURI                   246     3736.05   29019       108.417     2490.70       72.278
  --------------------------------------------------------------------------------------------------------------------------------