          CROP: BORO     (17)                                                   PAGE NO:     2

                              BLOCK WISE YIELD RATE,AREA AND PRODUCTION OF  SUMMER CROPS, 2015-16
  --------------------------------------------------------------------------------------------------------------------------------
  D-DT-SD BLK BLOCK NAME              NCCE    DRY YR     AREA       DRY PRODN   YR CLRICE   PRODN CLRICE
                                             (kg/hec)    (hec)    (000 tonnes)  (kg/hec)    (000 tonnes)
  --------------------------------------------------------------------------------------------------------------------------------
  3 02 1  01 JALPAIGURI                 56     4192.26    2371         9.940     2794.84        6.627

  3 02 1  02 RAJGANJ                    36     3449.68   12832        44.266     2299.79       29.511

  3 02 1  03 MAINAGURI                  64     4466.57    1655         7.392     2977.71        4.928

  3 02 1  04 NAGRAKATA                   2     3566.54      61         0.218     2377.69        0.145

  3 02 1  05 DHUPGURI                   20     4123.10     421         1.736     2748.73        1.157

  3 02 1  06 MAL                        36     3853.94     726         2.798     2569.29        1.865

  3 02 1  07 METIALI                     8     4586.82      53         0.243     3057.88        0.162

  3 02 1  08 MADARIHAT                   5     3460.44     554         1.917     2306.96        1.278

  3 02 2  09 ALIPURDUAR-I               20     3825.67     533         2.039     2550.45        1.359

  3 02 2  10 ALIPURDUAR-II              40     4196.49    1527         6.408     2797.66        4.272

  3 02 2  11 KUMARGRAM                  20     3130.52     650         2.035     2087.01        1.357

  3 02 2  12 KALCHINI                   20     3300.67     175         0.578     2200.45        0.385

  3 02 2  13 FALAKATA                   44     4528.76    1909         8.645     3019.17        5.764


  --------------------------------------------------------------------------------------------------------------------------------
    02    JALPAIGURI                   371     3759.10   23467        88.215     2506.07       58.810
  --------------------------------------------------------------------------------------------------------------------------------