          CROP: MASKALAI (10)                                                   PAGE NO:     2

                              BLOCK WISE YIELD RATE,AREA AND PRODUCTION OF  WINTER CROPS, 2015-16
  --------------------------------------------------------------------------------------------------------------------------------
  D-DT-SD BLK BLOCK NAME              NCCE    DRY YR     AREA       DRY PRODN
                                             (kg/hec)    (hec)    (000 tonnes)
  --------------------------------------------------------------------------------------------------------------------------------
  3 02 1  01 JALPAIGURI                  4      671.12      50         0.034

  3 02 1  02 RAJGANJ                     0      669.59     474         0.317

  3 02 1  03 MAINAGURI                  15      719.58      93         0.067

  3 02 1  04 NAGRAKATA                   3      663.36       1         0.001

  3 02 1  05 DHUPGURI                   20      642.01     115         0.074

  3 02 1  06 MAL                         8      833.00      16         0.013

  3 02 1  07 METIALI                    11      638.57       1         0.001

  3 02 1  08 MADARIHAT                   7      642.57     129         0.083

  3 02 2  09 ALIPURDUAR-I               11      957.70       2         0.002

  3 02 2  10 ALIPURDUAR-II               0      613.10      62         0.038

  3 02 2  11 KUMARGRAM                  18      705.27     114         0.080

  3 02 2  12 KALCHINI                   20      368.19     237         0.087

  3 02 2  13 FALAKATA                   20      711.73     475         0.338


  --------------------------------------------------------------------------------------------------------------------------------
    02    JALPAIGURI                   137      641.54    1769         1.135
  --------------------------------------------------------------------------------------------------------------------------------