          CROP: WHEAT    (06)                                                   PAGE NO:     2

                              BLOCK WISE YIELD RATE,AREA AND PRODUCTION OF  RABI   CROPS, 2015-16
  --------------------------------------------------------------------------------------------------------------------------------
  D-DT-SD BLK BLOCK NAME              NCCE    DRY YR     AREA       DRY PRODN
                                             (kg/hec)    (hec)    (000 tonnes)
  --------------------------------------------------------------------------------------------------------------------------------
  3 02 1  01 JALPAIGURI-SADAR           20     2037.57    1618         3.297

  3 02 1  02 RAJGANJ                     3     1650.22    2455         4.051

  3 02 1  03 MAYNAGURI                  19     2767.41    2538         7.024

  3 02 1  04 NAGRAKATA                  18     1674.38     119         0.199

  3 02 1  05 DHUPGURI                   20     2631.49     527         1.387

  3 02 1  06 MAL                        18     1366.33      34         0.046

  3 02 1  07 MATIALI                    15     1218.20     133         0.162

  3 02 1  08 MADARIHAT- BIRPARA          8     1469.00      29         0.043

  3 02 2  09 ALIPURDUAR-I               20     2727.69    1592         4.342

  3 02 2  10 ALIPURDUAR-II              18     2239.97    1023         2.291

  3 02 2  11 KUMARGRAM                  20     2395.81     724         1.735

  3 02 2  12 KALCHINI                   20     2569.70      36         0.093

  3 02 2  13 FALAKATA                   20     2696.84    1684         4.541


  --------------------------------------------------------------------------------------------------------------------------------
    02    JALPAIGURI                   219     2334.67   12512        29.211
  --------------------------------------------------------------------------------------------------------------------------------