          CROP: SUGARCANE(16)                                                   PAGE NO:     8

                              BLOCK WISE YIELD RATE,AREA AND PRODUCTION OF  RABI   CROPS, 2014-15
  --------------------------------------------------------------------------------------------------------------------------------
  D-DT-SD BLK BLOCK NAME              NCCE    DRY YR     AREA       DRY PRODN
                                             (kg/hec)    (hec)    (000 tonnes)
  --------------------------------------------------------------------------------------------------------------------------------
  2 09 1  03 AUSGRAM-I                  10    81724.37      14         1.144

  2 09 1  04 AUSGRAM-II                  5    68965.47       1         0.069

  2 09 1  05 BHATAR                      2    67461.45      13         0.877

  2 09 3  13 KATWA-I                     6    54112.75      93         5.032

  2 09 3  14 KATWA-II                    8    74374.47      97         7.214

  2 09 3  15 KETUGRAM-I                 12    76766.62      70         5.374

  2 09 3  16 KETUGRAM-II                 6    79938.38    1074        85.854

  2 09 3  17 MANGALKOT                   9   116808.58      56         6.541

  2 09 4  21 PURBASTHALI-II              0    78888.45       8         0.631

  2 09 4  22 MONTESWAR                   0    78888.45       5         0.394

  2 09 5  25 DURGAPUR-FARIDPUR           6    75384.15       1         0.075

  2 09 5  27 KANKSA                      7    67179.56       7         0.470

  2 09 6  31 JAMURIA                     5    76678.42       1         0.077


  --------------------------------------------------------------------------------------------------------------------------------
    09    BARDDHAMAN                    76    78995.52    1440       113.754
  --------------------------------------------------------------------------------------------------------------------------------