          CROP: TIL      (18)                                                   PAGE NO:    10

                              BLOCK WISE YIELD RATE,AREA AND PRODUCTION OF  SUMMER CROPS, 2014-15
  --------------------------------------------------------------------------------------------------------------------------------
  D-DT-SD BLK BLOCK NAME              NCCE    DRY YR     AREA       DRY PRODN
                                             (kg/hec)    (hec)    (000 tonnes)
  --------------------------------------------------------------------------------------------------------------------------------
  2 09 1  01 BURDWAN -I                 17     1027.97     140         0.144

  2 09 1  02 BURDWAN-II                 17      557.83     290         0.162

  2 09 1  03 AUSGRAM-I                  18      173.65     518         0.090

  2 09 1  04 AUSGRAM-II                 16      322.78     439         0.142

  2 09 1  05 BHATAR                     18      594.55     221         0.131

  2 09 1  06 GALSI-II                   18      968.80     355         0.344

  2 09 2  07 MEMARI-I                   18      580.90    1207         0.701

  2 09 2  08 MEMARI-II                  19      409.44     640         0.262

  2 09 2  09 JAMALPUR                   18     1067.65    5353         5.715

  2 09 2  10 RAINA-I                    18     1008.47     448         0.452

  2 09 2  11 RAINA-II                   17      999.69     672         0.672

  2 09 2  12 KHANDAGHOSH                18      871.85     823         0.718

  2 09 3  13 KATWA-I                    15      404.34     342         0.138

  2 09 3  14 KATWA-II                   16      504.64     265         0.134

  2 09 3  15 KETUGRAM-I                 16      906.94     300         0.272

  2 09 3  16 KETUGRAM-II                13      494.98     324         0.160

  2 09 3  17 MANGALKOT                  17      522.36     837         0.437

  2 09 4  18 KALNA-I                    16     1392.47    2187         3.045

  2 09 4  19 KALNA-II                   16     1178.08     413         0.487

  2 09 4  20 PURBASTHALI-I              16     1167.91     195         0.228

  2 09 4  21 PURBASTHALI-II             18     1061.09     833         0.884

  2 09 4  22 MONTESWAR                  14      755.26     248         0.187

  2 09 5  23 GALSI-I                     2      860.40       1         0.001

  2 09 5  25 DURGAPUR-FARIDPUR           4      851.53      19         0.016
          CROP: TIL      (18)                                                   PAGE NO:    11

                              BLOCK WISE YIELD RATE,AREA AND PRODUCTION OF  SUMMER CROPS, 2014-15
  --------------------------------------------------------------------------------------------------------------------------------
  D-DT-SD BLK BLOCK NAME              NCCE    DRY YR     AREA       DRY PRODN
                                             (kg/hec)    (hec)    (000 tonnes)
  --------------------------------------------------------------------------------------------------------------------------------
  2 09 5  27 KANKSA                     15      798.47      62         0.050


  --------------------------------------------------------------------------------------------------------------------------------
    09    BARDDHAMAN                   390      908.89   17132        15.571
  --------------------------------------------------------------------------------------------------------------------------------