          CROP: AUS      (02)                                                   PAGE NO:     9

                              BLOCK WISE YIELD RATE,AREA AND PRODUCTION OF  BHADUI CROPS, 2014-15
  --------------------------------------------------------------------------------------------------------------------------------
  D-DT-SD BLK BLOCK NAME              NCCE    DRY YR     AREA       DRY PRODN   YR CLRICE   PRODN CLRICE
                                             (kg/hec)    (hec)    (000 tonnes)  (kg/hec)    (000 tonnes)
  --------------------------------------------------------------------------------------------------------------------------------
  2 09 1  03 AUSGRAM-I                  20     5021.31     831         4.173     3347.54        2.782

  2 09 1  04 AUSGRAM-II                  5     5200.72       0         0.000     3467.15        0.000

  2 09 1  05 BHATAR                      0     5233.14       1         0.005     3488.76        0.003

  2 09 1  06 GALSI-II                    5     5275.85     213         1.124     3517.23        0.749

  2 09 2  07 MEMARI-I                   40     4661.46    5056        23.568     3107.64       15.712

  2 09 2  08 MEMARI-II                  36     5483.74    5756        31.564     3655.83       21.043

  2 09 2  09 JAMALPUR                   52     4790.32      16         0.077     3193.55        0.051

  2 09 2  12 KHANDAGHOSH                 0     5078.97      23         0.117     3385.98        0.078

  2 09 3  13 KATWA-I                    36        0.00       0         0.000        0.00        0.000

  2 09 3  14 KATWA-II                    4     4817.17       0         0.000     3211.45        0.000

  2 09 3  16 KETUGRAM-II                 7     4829.67       1         0.005     3219.78        0.003

  2 09 3  17 MANGALKOT                   0     4817.19     231         1.113     3211.46        0.742

  2 09 4  18 KALNA-I                    12     5429.98       0         0.000     3619.99        0.000

  2 09 4  19 KALNA-II                   32     4239.40     295         1.251     2826.27        0.834

  2 09 4  20 PURBASTHALI-I              12     4239.45       0         0.000     2826.30        0.000

  2 09 4  21 PURBASTHALI-II             40     4510.72     329         1.484     3007.15        0.989

  2 09 4  22 MONTESWAR                  12     4624.12     446         2.062     3082.75        1.375


  --------------------------------------------------------------------------------------------------------------------------------
    09    BARDDHAMAN                   313     5041.86   13198        66.543     3361.24       44.362
  --------------------------------------------------------------------------------------------------------------------------------