          CROP: BORO     (17)                                                   PAGE NO:     9

                              BLOCK WISE YIELD RATE,AREA AND PRODUCTION OF  SUMMER CROPS, 2014-15
  --------------------------------------------------------------------------------------------------------------------------------
  D-DT-SD BLK BLOCK NAME              NCCE    DRY YR     AREA       DRY PRODN   YR CLRICE   PRODN CLRICE
                                             (kg/hec)    (hec)    (000 tonnes)  (kg/hec)    (000 tonnes)
  --------------------------------------------------------------------------------------------------------------------------------
  2 09 1  01 BURDWAN -I                 36     3318.79    5585        18.535     2212.53       12.357

  2 09 1  02 BURDWAN-II                 36     4307.49    5780        24.897     2871.66       16.598

  2 09 1  03 AUSGRAM-I                  32     5918.45    2859        16.921     3945.63       11.281

  2 09 1  04 AUSGRAM-II                 28     5385.09    1877        10.108     3590.06        6.739

  2 09 1  05 BHATAR                     56     3607.96   10741        38.753     2405.31       25.835

  2 09 1  06 GALSI-II                   36     4952.05    6222        30.812     3301.37       20.541

  2 09 2  07 MEMARI-I                   44     5481.83    1618         8.870     3654.55        5.913

  2 09 2  08 MEMARI-II                  36     5120.92    3636        18.620     3413.95       12.413

  2 09 2  09 JAMALPUR                   52     5584.62    1984        11.080     3723.08        7.387

  2 09 2  10 RAINA-I                    32     4853.10    1602         7.775     3235.40        5.183

  2 09 2  11 RAINA-II                   32     4972.52    7587        37.727     3315.01       25.151

  2 09 2  12 KHANDAGHOSH                40     5083.61    6719        34.157     3389.07       22.771

  2 09 3  13 KATWA-I                    36     4362.85    9613        41.940     2908.57       27.960

  2 09 3  14 KATWA-II                   28     5208.48    6623        34.496     3472.32       22.997

  2 09 3  15 KETUGRAM-I                 32     5549.36    5124        28.435     3699.57       18.957

  2 09 3  16 KETUGRAM-II                28     4159.61    5757        23.947     2773.07       15.965

  2 09 3  17 MANGALKOT                  60     5171.48   13069        67.586     3447.65       45.057

  2 09 4  18 KALNA-I                    36     5449.22    5246        28.587     3632.81       19.058

  2 09 4  19 KALNA-II                   32     4936.86    5046        24.911     3291.24       16.608

  2 09 4  20 PURBASTHALI-I              28     5659.63    8035        45.475     3773.09       30.317

  2 09 4  21 PURBASTHALI-II             40     5712.94    3873        22.126     3808.63       14.751

  2 09 4  22 MONTESWAR                  52     5212.05   20708       107.931     3474.70       71.954

  2 09 5  23 GALSI-I                    28     4745.00    9982        47.365     3163.33       31.576

  2 09 5  27 KANKSA                     17     4837.58     981         4.746     3225.05        3.164


  --------------------------------------------------------------------------------------------------------------------------------
    09    BURDWAN                      877     4896.60  150267       735.798     3264.40      490.532
  --------------------------------------------------------------------------------------------------------------------------------