          CROP: KHESARI  (12)                                                   PAGE NO:    10

                              BLOCK WISE YIELD RATE,AREA AND PRODUCTION OF  RABI   CROPS, 2014-15
  --------------------------------------------------------------------------------------------------------------------------------
  D-DT-SD BLK BLOCK NAME              NCCE    DRY YR     AREA       DRY PRODN
                                             (kg/hec)    (hec)    (000 tonnes)
  --------------------------------------------------------------------------------------------------------------------------------
  2 09 1  01 BURDWAN -I                  0      913.76      35         0.032

  2 09 1  03 AUSGRAM-I                   0      913.76      61         0.056

  2 09 1  04 AUSGRAM-II                  0      913.76      16         0.015

  2 09 3  13 KATWA-I                     2      937.91       1         0.001

  2 09 3  15 KETUGRAM-I                  4      943.77       1         0.001

  2 09 3  16 KETUGRAM-II                 0      944.87      60         0.057

  2 09 3  17 MANGALKOT                   4      952.25       1         0.001

  2 09 4  18 KALNA-I                     2      939.71       1         0.001

  2 09 4  20 PURBASTHALI-I               3      927.51       1         0.001

  2 09 4  21 PURBASTHALI-II              0      913.76     148         0.135

  2 09 5  27 KANKSA                      0      913.76       8         0.007

  2 09 6  30 RANIGANJ                    3      656.13       1         0.001

  2 09 6  31 JAMURIA                     5      831.56       1         0.001


  --------------------------------------------------------------------------------------------------------------------------------
    09    BARDDHAMAN                    23      918.71     335         0.308
  --------------------------------------------------------------------------------------------------------------------------------