          CROP: GRAM     (08)                                                   PAGE NO:     8

                              BLOCK WISE YIELD RATE,AREA AND PRODUCTION OF  RABI   CROPS, 2014-15
  --------------------------------------------------------------------------------------------------------------------------------
  D-DT-SD BLK BLOCK NAME              NCCE    DRY YR     AREA       DRY PRODN
                                             (kg/hec)    (hec)    (000 tonnes)
  --------------------------------------------------------------------------------------------------------------------------------
  2 09 1  03 AUSGRAM-I                   8     1399.88      30         0.042

  2 09 1  04 AUSGRAM-II                  2     1381.45       1         0.001

  2 09 1  05 BHATAR                      2     1392.82       1         0.001

  2 09 2  11 RAINA-II                    2     1234.37       1         0.001

  2 09 2  12 KHANDAGHOSH                 0     1198.85      10         0.012

  2 09 3  13 KATWA-I                     2     1221.82       1         0.001

  2 09 3  15 KETUGRAM-I                  0     1198.85       3         0.004

  2 09 3  16 KETUGRAM-II                 1     1195.14      58         0.069

  2 09 3  17 MANGALKOT                   4      870.87       4         0.003

  2 09 4  20 PURBASTHALI-I               4     1134.34       1         0.001

  2 09 4  21 PURBASTHALI-II              6      923.93       6         0.006

  2 09 5  24 ANDAL                      13      648.32       2         0.001

  2 09 5  27 KANKSA                      4      604.76       1         0.001

  2 09 6  30 RANIGANJ                    3     1141.10       1         0.001


  --------------------------------------------------------------------------------------------------------------------------------
    09    BARDDHAMAN                    51     1211.12     120         0.145
  --------------------------------------------------------------------------------------------------------------------------------