          CROP: AMAN     (05)  

                              BLOCK WISE YIELD RATE,AREA AND PRODUCTION OF  WINTER CROPS, 2014-15
  --------------------------------------------------------------------------------------------------------------------------------
  D-DT-SD BLK BLOCK NAME              NCCE    DRY YR     AREA       DRY PRODN   YR CLRICE   PRODN CLRICE
                                             (kg/hec)    (hec)    (000 tonnes)  (kg/hec)    (000 tonnes)
  --------------------------------------------------------------------------------------------------------------------------------
  2 09 1  01 BURDWAN -I                 36     5238.76   17547        91.925     3492.51       61.283

  2 09 1  02 BURDWAN-II                 36     5304.92   13818        73.303     3536.61       48.869

  2 09 1  03 AUSGRAM-I                  32     4728.05   14512        68.613     3152.03       45.742

  2 09 1  04 AUSGRAM-II                 28     4796.72   17769        85.233     3197.81       56.822

  2 09 1  05 BHATAR                     56     5440.16   31147       169.445     3626.77      112.963

  2 09 1  06 GALSI-II                   36     5836.31   16653        97.192     3890.87       64.795

  2 09 2  07 MEMARI-I                   44     4848.39   10512        50.966     3232.26       33.978

  2 09 2  08 MEMARI-II                  36     5860.61   12868        75.414     3907.07       50.276

  2 09 2  09 JAMALPUR                   52     4655.41   19024        88.565     3103.61       59.043

  2 09 2  10 RAINA-I                    32     4594.60   20684        95.035     3063.07       63.356

  2 09 2  11 RAINA-II                   32     4630.88   18717        86.676     3087.25       57.784

  2 09 2  12 KHANDAGHOSH                40     4764.98   21991       104.787     3176.65       69.858

  2 09 3  13 KATWA-I                    40     5317.21   10808        57.468     3544.81       38.312

  2 09 3  14 KATWA-II                   28     5123.46    9190        47.085     3415.64       31.390

  2 09 3  15 KETUGRAM-I                 32     5443.50   15620        85.027     3629.00       56.685

  2 09 3  16 KETUGRAM-II                28     5735.11   10062        57.707     3823.41       38.471

  2 09 3  17 MANGALKOT                  60     5429.29   27761       150.723     3619.53      100.482

  2 09 4  18 KALNA-I                    36     5650.16   13390        75.656     3766.77       50.437

  2 09 4  19 KALNA-II                   32     4357.76   12145        52.925     2905.17       35.283

  2 09 4  20 PURBASTHALI-I              28     4503.18    9722        43.780     3002.12       29.187

  2 09 4  21 PURBASTHALI-II             36     4743.64    6165        29.245     3162.43       19.496

  2 09 4  22 MONTESWAR                  52     4686.04   24804       116.233     3124.03       77.488

  2 09 5  23 GALSI-I                    36     3654.53   16912        61.805     2436.35       41.204

  2 09 5  24 ANDAL                      32     3994.60     935         3.735     2663.07        2.490

  2 09 5  25 DURGAPUR-FARIDPUR          24     3742.10   10730        40.153     2494.73       26.768

  2 09 5  26 PANDAVESWAR                24     3619.72    1564         5.661     2413.15        3.774

  2 09 5  27 KANKSA                     28     3808.34   11456        43.628     2538.89       29.086

  2 09 6  28 SALANPUR                   20     3394.06     330         1.120     2262.71        0.747

  2 09 6  29 BARABANI                   20     3158.98    8716        27.534     2105.99       18.356

  2 09 6  30 RANIGANJ                   24     3738.82    3587        13.411     2492.55        8.941

  2 09 6  31 JAMURIA                    36     3902.41   10675        41.658     2601.61       27.772

  --------------------------------------------------------------------------------------------------------------------------------
    09    BURDWAN                     1076     4863.36  419814      2041.707     3242.24     1361.138
  --------------------------------------------------------------------------------------------------------------------------------
