          CROP: MUSUR    (09)                                                   PAGE NO:    10

                              BLOCK WISE YIELD RATE,AREA AND PRODUCTION OF  RABI   CROPS, 2014-15
  --------------------------------------------------------------------------------------------------------------------------------
  D-DT-SD BLK BLOCK NAME              NCCE    DRY YR     AREA       DRY PRODN
                                             (kg/hec)    (hec)    (000 tonnes)
  --------------------------------------------------------------------------------------------------------------------------------
  2 09 1  01 BURDWAN -I                 18     1430.14      12         0.017

  2 09 1  03 AUSGRAM-I                  14     1201.62     454         0.546

  2 09 1  04 AUSGRAM-II                  6     1066.16      12         0.013

  2 09 1  05 BHATAR                     10     1035.84       2         0.002

  2 09 1  06 GALSI-II                   13     1083.68       2         0.002

  2 09 2  07 MEMARI-I                    1      875.00       1         0.001

  2 09 2  08 MEMARI-II                   4     1069.84       3         0.003

  2 09 2  09 JAMALPUR                    2     1067.30       1         0.001

  2 09 2  10 RAINA-I                    18     1257.04      16         0.020

  2 09 2  11 RAINA-II                   17      905.62      20         0.018

  2 09 2  12 KHANDAGHOSH                14     1247.97      20         0.025

  2 09 3  13 KATWA-I                    10     1489.03      25         0.037

  2 09 3  14 KATWA-II                   11      662.70      43         0.028

  2 09 3  15 KETUGRAM-I                  8      734.37       2         0.001

  2 09 3  16 KETUGRAM-II                 7      708.92     102         0.072

  2 09 3  17 MANGALKOT                  12      877.58       7         0.006

  2 09 4  18 KALNA-I                     1      700.16       1         0.001

  2 09 4  20 PURBASTHALI-I              12      698.05      20         0.014

  2 09 4  21 PURBASTHALI-II             16      637.30    1110         0.707

  2 09 4  22 MONTESWAR                   5      700.17      23         0.016

  2 09 5  24 ANDAL                       8      545.33       6         0.003

  2 09 5  25 DURGAPUR-FARIDPUR          16      674.88      22         0.015

  2 09 5  26 PANDABESWAR                12      566.04       3         0.002

  2 09 5  27 KANKSA                     14      552.01       2         0.001
          CROP: MUSUR    (09)                                                   PAGE NO:    11

                              BLOCK WISE YIELD RATE,AREA AND PRODUCTION OF  RABI   CROPS, 2014-15
  --------------------------------------------------------------------------------------------------------------------------------
  D-DT-SD BLK BLOCK NAME              NCCE    DRY YR     AREA       DRY PRODN
                                             (kg/hec)    (hec)    (000 tonnes)
  --------------------------------------------------------------------------------------------------------------------------------
  2 09 6  30 RANIGANJ                   13      365.99       6         0.002

  2 09 6  31 JAMURIA                     4      373.35       2         0.001


  --------------------------------------------------------------------------------------------------------------------------------
    09    BARDDHAMAN                   266      811.55    1917         1.556
  --------------------------------------------------------------------------------------------------------------------------------