          CROP: WHEAT    (06)                                                   PAGE NO:    10

                              BLOCK WISE YIELD RATE,AREA AND PRODUCTION OF  RABI   CROPS, 2014-15
  --------------------------------------------------------------------------------------------------------------------------------
  D-DT-SD BLK BLOCK NAME              NCCE    DRY YR     AREA       DRY PRODN
                                             (kg/hec)    (hec)    (000 tonnes)
  --------------------------------------------------------------------------------------------------------------------------------
  2 09 1  01 BURDWAN -I                  2     2567.14       2         0.005

  2 09 1  03 AUSGRAM-I                  16     2795.51     187         0.523

  2 09 1  04 AUSGRAM-II                 16     2106.83     170         0.358

  2 09 1  05 BHATAR                      3     2206.59      13         0.029

  2 09 1  06 GALSI-II                    8     3275.74     127         0.416

  2 09 2  07 MEMARI-I                    5     2882.59     199         0.574

  2 09 2  10 RAINA-I                     3     2893.36     212         0.613

  2 09 2  11 RAINA-II                    0     2892.31       1         0.003

  2 09 2  12 KHANDAGHOSH                 0     2892.31     290         0.839

  2 09 3  14 KATWA-II                    0     2723.34      21         0.057

  2 09 3  15 KETUGRAM-I                  0     2723.34      17         0.046

  2 09 3  16 KETUGRAM-II                 7     3110.53      88         0.274

  2 09 3  17 MANGALKOT                   6     1655.97      33         0.055

  2 09 4  18 KALNA-I                     0     3338.51       2         0.007

  2 09 4  20 PURBASTHALI-I              10     3297.38     770         2.539

  2 09 4  21 PURBASTHALI-II             18     3363.33      80         0.269

  2 09 4  22 MONTESWAR                   0     3338.51      35         0.117

  2 09 5  23 GALSI-I                     0     2285.91     156         0.357

  2 09 5  24 ANDAL                       6     2236.92      20         0.045

  2 09 5  25 DURGAPUR-FARIDPUR          16     2380.37      56         0.133

  2 09 5  26 PANDABESWAR                18     2395.89      15         0.036

  2 09 5  27 KANKSA                     18     2257.85      83         0.187

  2 09 6  28 SALANPUR                    2     2362.83      20         0.047

  2 09 6  29 BARABANI                   13     2130.97      70         0.149
          CROP: WHEAT    (06)                                                   PAGE NO:    11

                              BLOCK WISE YIELD RATE,AREA AND PRODUCTION OF  RABI   CROPS, 2014-15
  --------------------------------------------------------------------------------------------------------------------------------
  D-DT-SD BLK BLOCK NAME              NCCE    DRY YR     AREA       DRY PRODN
                                             (kg/hec)    (hec)    (000 tonnes)
  --------------------------------------------------------------------------------------------------------------------------------
  2 09 6  30 RANIGANJ                    4     2279.95      20         0.046


  --------------------------------------------------------------------------------------------------------------------------------
    09    BARDDHAMAN                   171     2874.17    2687         7.723
  --------------------------------------------------------------------------------------------------------------------------------