          CROP: MUSTARD  (15)                                                   PAGE NO:    10

                              BLOCK WISE YIELD RATE,AREA AND PRODUCTION OF  RABI   CROPS, 2014-15
  --------------------------------------------------------------------------------------------------------------------------------
  D-DT-SD BLK BLOCK NAME              NCCE    DRY YR     AREA       DRY PRODN
                                             (kg/hec)    (hec)    (000 tonnes)
  --------------------------------------------------------------------------------------------------------------------------------
  2 09 1  01 BURDWAN -I                 18     1175.35     798         0.938

  2 09 1  02 BURDWAN-II                 18     1262.36     193         0.244

  2 09 1  03 AUSGRAM-I                  17     1045.85    1092         1.142

  2 09 1  04 AUSGRAM-II                 16     1165.00     292         0.340

  2 09 1  05 BHATAR                     18     1157.45    1096         1.269

  2 09 1  06 GALSI-II                   17      866.91     753         0.653

  2 09 2  07 MEMARI-I                   18     1061.38     557         0.591

  2 09 2  08 MEMARI-II                  18      776.06     595         0.462

  2 09 2  09 JAMALPUR                   17      649.12     804         0.522

  2 09 2  10 RAINA-I                    18     1091.60     300         0.327

  2 09 2  11 RAINA-II                   18      984.90     324         0.319

  2 09 2  12 KHANDAGHOSH                17      974.03    2969         2.892

  2 09 3  13 KATWA-I                    17     1025.64     945         0.969

  2 09 3  14 KATWA-II                   16      922.65    1118         1.032

  2 09 3  15 KETUGRAM-I                 16     1020.70     828         0.845

  2 09 3  16 KETUGRAM-II                16     1063.08    2106         2.239

  2 09 3  17 MANGALKOT                  17     1045.34     869         0.908

  2 09 4  18 KALNA-I                    16      711.27      65         0.046

  2 09 4  19 KALNA-II                   16      908.28      74         0.067

  2 09 4  20 PURBASTHALI-I              18      922.71    2263         2.088

  2 09 4  21 PURBASTHALI-II             17     1024.60    1479         1.515

  2 09 4  22 MONTESWAR                  16      975.02    1293         1.261

  2 09 5  23 GALSI-I                    17     1024.10    1182         1.210

  2 09 5  24 ANDAL                      14      845.54      20         0.017
          CROP: MUSTARD  (15)                                                   PAGE NO:    11

                              BLOCK WISE YIELD RATE,AREA AND PRODUCTION OF  RABI   CROPS, 2014-15
  --------------------------------------------------------------------------------------------------------------------------------
  D-DT-SD BLK BLOCK NAME              NCCE    DRY YR     AREA       DRY PRODN
                                             (kg/hec)    (hec)    (000 tonnes)
  --------------------------------------------------------------------------------------------------------------------------------
  2 09 5  25 DURGAPUR-FARIDPUR          16      902.45      60         0.054

  2 09 5  26 PANDABESWAR                18      726.58      48         0.035

  2 09 5  27 KANKSA                     17      530.29     137         0.073

  2 09 6  28 SALANPUR                    2      589.94       1         0.001

  2 09 6  29 BARABANI                    2      460.59      53         0.024

  2 09 6  30 RANIGANJ                   10      625.00       1         0.001

  2 09 6  31 JAMURIA                     7      670.97       5         0.003


  --------------------------------------------------------------------------------------------------------------------------------
    09    BARDDHAMAN                   478      989.57   22320        22.087
  --------------------------------------------------------------------------------------------------------------------------------