          CROP: GRAM     (08)                                                   PAGE NO:     9

                              BLOCK WISE YIELD RATE,AREA AND PRODUCTION OF  RABI   CROPS, 2014-15
  --------------------------------------------------------------------------------------------------------------------------------
  D-DT-SD BLK BLOCK NAME              NCCE    DRY YR     AREA       DRY PRODN
                                             (kg/hec)    (hec)    (000 tonnes)
  --------------------------------------------------------------------------------------------------------------------------------
  1 10 1  01 KALIGANJ                    6     1128.17     948         1.070

  1 10 1  02 NAKASHIPARA                10      256.92     223         0.057

  1 10 1  03 KRISHNAGAR-I                2      820.69     491         0.403

  1 10 1  04 KRISHNAGAR-II              16      889.97     352         0.313

  1 10 1  05 CHAPRA                     16      616.65     680         0.419

  1 10 1  06 NABADWIP                    0      825.77     165         0.136

  1 10 1  07 KRISHNAGANJ                 0      825.77     115         0.095

  1 10 2  08 KARIMPUR-I                  6     1296.11    1231         1.596

  1 10 2  09 KARIMPUR-II                 2     1151.91    1242         1.431

  1 10 2  10 TEHATTA-I                  16     1299.29    1764         2.292

  1 10 2  11 TEHATTA-II                 13     1171.53    1035         1.213

  1 10 3  12 SANTIPUR                    0      916.17     602         0.552

  1 10 3  13 RANAGHAT-I                  0      916.17      75         0.069

  1 10 3  14 RANAGHAT-II                16      945.54     383         0.362

  1 10 3  15 HANSKHALI                  11      898.14     451         0.405

  1 10 4  16 CHAKDAH                     0     1039.08     120         0.125

  1 10 4  17 HARINGHATA                  0     1039.08      29         0.030


  --------------------------------------------------------------------------------------------------------------------------------
    10    NADIA                        114     1066.68    9906        10.567
  --------------------------------------------------------------------------------------------------------------------------------