          CROP: MASKALAI (10)                                                   PAGE NO:    10

                              BLOCK WISE YIELD RATE,AREA AND PRODUCTION OF  WINTER CROPS, 2014-15
  --------------------------------------------------------------------------------------------------------------------------------
  D-DT-SD BLK BLOCK NAME              NCCE    DRY YR     AREA       DRY PRODN
                                             (kg/hec)    (hec)    (000 tonnes)
  --------------------------------------------------------------------------------------------------------------------------------
  1 10 1  01 KALIGANJ                   16      871.20     470         0.409

  1 10 1  02 NAKASHIPARA                 8      635.90     756         0.481

  1 10 1  03 KRISHNAGAR-I               20      716.03    1299         0.930

  1 10 1  04 KRISHNAGAR-II              16      720.38     972         0.700

  1 10 1  05 CHAPRA                     20      709.56    2783         1.975

  1 10 1  06 NABADWIP                    7      768.90       3         0.002

  1 10 1  07 KRISHNAGANJ                 0      745.78     616         0.459

  1 10 2  08 KARIMPUR-I                  0      784.56     446         0.350

  1 10 2  09 KARIMPUR-II                 0      784.56     604         0.474

  1 10 2  10 TEHATTA-I                  16      874.51     714         0.624

  1 10 2  11 TEHATTA-II                  0      784.56     401         0.315

  1 10 3  12 SANTIPUR                   16      697.98     861         0.601

  1 10 3  13 RANAGHAT-I                 16      841.86    1214         1.022

  1 10 3  14 RANAGHAT-II                16     1080.18     802         0.866

  1 10 3  15 HANSKHALI                   0      817.07    1656         1.353

  1 10 4  16 CHAKDAH                    13      746.83     247         0.184

  1 10 4  17 HARINGHATA                 16     1019.63      12         0.012


  --------------------------------------------------------------------------------------------------------------------------------
    10    NADIA                        180      776.47   13856        10.759
  --------------------------------------------------------------------------------------------------------------------------------