          CROP: WHEAT    (06)                                                   PAGE NO:    12

                              BLOCK WISE YIELD RATE,AREA AND PRODUCTION OF  RABI   CROPS, 2014-15
  --------------------------------------------------------------------------------------------------------------------------------
  D-DT-SD BLK BLOCK NAME              NCCE    DRY YR     AREA       DRY PRODN
                                             (kg/hec)    (hec)    (000 tonnes)
  --------------------------------------------------------------------------------------------------------------------------------
  1 10 1  01 KALIGANJ                   16     3667.41    3134        11.494

  1 10 1  02 NAKASHIPARA                16     2905.79    2658         7.724

  1 10 1  03 KRISHNAGAR-I               16     3199.87    1526         4.883

  1 10 1  04 KRISHNAGAR-II              17     4047.13    3992        16.156

  1 10 1  05 CHAPRA                     16     2677.64    1691         4.528

  1 10 1  06 NABADWIP                   16     4065.65    3354        13.636

  1 10 1  07 KRISHNAGANJ                17     3247.90     612         1.988

  1 10 2  08 KARIMPUR-I                 18     3473.30    6022        20.916

  1 10 2  09 KARIMPUR-II                18     3129.39    7890        24.691

  1 10 2  10 TEHATTA-I                  16     3485.65    4501        15.689

  1 10 2  11 TEHATTA-II                 18     3617.28    3368        12.183

  1 10 3  12 SANTIPUR                   16     2613.90    1298         3.393

  1 10 3  13 RANAGHAT-I                 11     3260.12     132         0.430

  1 10 3  14 RANAGHAT-II                 6     4129.34     692         2.858

  1 10 3  15 HANSKHALI                  20     2834.87    1201         3.405

  1 10 4  16 CHAKDAH                    13     2816.10    1022         2.878

  1 10 4  17 HARINGHATA                  6     3223.27     458         1.476


  --------------------------------------------------------------------------------------------------------------------------------
    10    NADIA                        256     3405.82   43551       148.327
  --------------------------------------------------------------------------------------------------------------------------------