          CROP: MUSTARD  (15)                                                   PAGE NO:    12

                              BLOCK WISE YIELD RATE,AREA AND PRODUCTION OF  RABI   CROPS, 2014-15
  --------------------------------------------------------------------------------------------------------------------------------
  D-DT-SD BLK BLOCK NAME              NCCE    DRY YR     AREA       DRY PRODN
                                             (kg/hec)    (hec)    (000 tonnes)
  --------------------------------------------------------------------------------------------------------------------------------
  1 10 1  01 KALIGANJ                   16     1192.27    9030        10.766

  1 10 1  02 NAKASHIPARA                16     1212.72    9759        11.835

  1 10 1  03 KRISHNAGAR-I               16     1145.64    5250         6.015

  1 10 1  04 KRISHNAGAR-II              18     1099.14    3516         3.865

  1 10 1  05 CHAPRA                     16     1124.71    8641         9.719

  1 10 1  06 NABADWIP                   16     1171.11    1562         1.829

  1 10 1  07 KRISHNAGANJ                18     1138.03    2698         3.070

  1 10 2  08 KARIMPUR-I                 16      937.47    2495         2.339

  1 10 2  09 KARIMPUR-II                18     1094.92    4828         5.286

  1 10 2  10 TEHATTA-I                  16     1165.03    6298         7.337

  1 10 2  11 TEHATTA-II                 18     1163.89    4549         5.295

  1 10 3  12 SANTIPUR                   16     1249.42    1808         2.259

  1 10 3  13 RANAGHAT-I                 16     1205.58    2350         2.833

  1 10 3  14 RANAGHAT-II                16     1643.87    5876         9.659

  1 10 3  15 HANSKHALI                  20     1349.41    4638         6.259

  1 10 4  16 CHAKDAH                    17     1347.31    3933         5.299

  1 10 4  17 HARINGHATA                 16     1424.28    1662         2.367


  --------------------------------------------------------------------------------------------------------------------------------
    10    NADIA                        285     1217.24   78893        96.032
  --------------------------------------------------------------------------------------------------------------------------------