          CROP: MUSUR    (09)                                                   PAGE NO:    12

                              BLOCK WISE YIELD RATE,AREA AND PRODUCTION OF  RABI   CROPS, 2014-15
  --------------------------------------------------------------------------------------------------------------------------------
  D-DT-SD BLK BLOCK NAME              NCCE    DRY YR     AREA       DRY PRODN
                                             (kg/hec)    (hec)    (000 tonnes)
  --------------------------------------------------------------------------------------------------------------------------------
  1 10 1  01 KALIGANJ                   16     1022.90    1378         1.410

  1 10 1  02 NAKASHIPARA                16      495.47    1296         0.642

  1 10 1  03 KRISHNAGAR-I               16      875.10    1123         0.983

  1 10 1  04 KRISHNAGAR-II              16      826.12    1147         0.948

  1 10 1  05 CHAPRA                     16      481.64    1532         0.738

  1 10 1  06 NABADWIP                   16      849.66     715         0.608

  1 10 1  07 KRISHNAGANJ                16      772.67     858         0.663

  1 10 2  08 KARIMPUR-I                 18     1061.72    2244         2.382

  1 10 2  09 KARIMPUR-II                17     1073.65    2602         2.794

  1 10 2  10 TEHATTA-I                  16     1065.36    2834         3.019

  1 10 2  11 TEHATTA-II                 18      894.00    2085         1.864

  1 10 3  12 SANTIPUR                   16      789.45     855         0.675

  1 10 3  13 RANAGHAT-I                 16      952.47     619         0.590

  1 10 3  14 RANAGHAT-II                16      946.86    1020         0.966

  1 10 3  15 HANSKHALI                  20      991.17    1652         1.637

  1 10 4  16 CHAKDAH                    17     1171.07    1189         1.392

  1 10 4  17 HARINGHATA                 16     1192.11     986         1.175


  --------------------------------------------------------------------------------------------------------------------------------
    10    NADIA                        282      931.65   24135        22.485
  --------------------------------------------------------------------------------------------------------------------------------