          CROP: JUTE     (01)                                                   PAGE NO:    11

                              BLOCK WISE YIELD RATE,AREA AND PRODUCTION OF  BHADUI CROPS, 2014-15
  --------------------------------------------------------------------------------------------------------------------------------
  D-DT-SD BLK BLOCK NAME              NCCE    DRY YR     AREA       DRY PRODN
                                              (bales/hec)(hec)    ('000 bales)
  --------------------------------------------------------------------------------------------------------------------------------
  1 10 1  01 KALIGANJ                   40       16.23    6962       112.993

  1 10 1  02 NAKASHIPARA                56       14.37   12406       178.274

  1 10 1  03 KRISHNAGAR-I               20       15.91    6294       100.138

  1 10 1  04 KRISHNAGAR-II              20       16.86    4358        73.476

  1 10 1  05 CHAPRA                     20       15.34    8926       136.925

  1 10 1  06 NABADWIP                   20       17.03    2599        44.261

  1 10 1  07 KRISHNAGANJ                 0       15.55    4450        69.198

  1 10 2  08 KARIMPUR-I                 32       12.26   13026       159.699

  1 10 2  09 KARIMPUR-II                40       13.77   11690       160.971

  1 10 2  10 TEHATTA-I                  28       14.49   11536       167.157

  1 10 2  11 TEHATTA-II                 28       15.43    9592       148.005

  1 10 3  12 SANTIPUR                   40       18.50    4302        79.587

  1 10 3  13 RANAGHAT-I                 40       18.39    2018        37.111

  1 10 3  14 RANAGHAT-II                48       19.12    5381       102.885

  1 10 3  15 HANSKHALI                  52       17.32    5269        91.259

  1 10 4  16 CHAKDAH                    68       19.71    5529       108.977

  1 10 4  17 HARINGHATA                 36       18.05    2576        46.497


  --------------------------------------------------------------------------------------------------------------------------------
    10    NADIA                        588       15.54  116914      1817.411
  --------------------------------------------------------------------------------------------------------------------------------