          CROP: AMAN     (05) 

                              BLOCK WISE YIELD RATE,AREA AND PRODUCTION OF  WINTER CROPS, 2014-15
  --------------------------------------------------------------------------------------------------------------------------------
  D-DT-SD BLK BLOCK NAME              NCCE    DRY YR     AREA       DRY PRODN   YR CLRICE   PRODN CLRICE
                                             (kg/hec)    (hec)    (000 tonnes)  (kg/hec)    (000 tonnes)
  --------------------------------------------------------------------------------------------------------------------------------
  1 10 1  01 KALIGANJ                   20     4095.61   10226        41.882     2730.41       27.921

  1 10 1  02 NAKASHIPARA                20     4448.07    9818        43.671     2965.38       29.114

  1 10 1  03 KRISHNAGAR-I               20     4107.09    6752        27.731     2738.06       18.487

  1 10 1  04 KRISHNAGAR-II              20     4252.28    3426        14.568     2834.85        9.712

  1 10 1  05 CHAPRA                     20     4535.57   10658        48.340     3023.71       32.227

  1 10 1  06 NABADWIP                   20     4104.92     212         0.870     2736.61        0.580

  1 10 1  07 KRISHNAGANJ                 0     4318.81    2818        12.170     2879.21        8.114

  1 10 2  08 KARIMPUR-I                  0     4039.02    2438         9.847     2692.68        6.565

  1 10 2  09 KARIMPUR-II                 0     4039.02    4126        16.665     2692.68       11.110

  1 10 2  10 TEHATTA-I                  20     3981.61    2934        11.682     2654.41        7.788

  1 10 2  11 TEHATTA-II                  0     4039.02    2196         8.870     2692.68        5.913

  1 10 3  12 SANTIPUR                   44     4864.92    2504        12.182     3243.28        8.121

  1 10 3  13 RANAGHAT-I                 48     4668.11    3314        15.470     3112.07       10.313

  1 10 3  14 RANAGHAT-II                48     3781.08    9172        34.680     2520.72       23.120

  1 10 3  15 HANSKHALI                  52     4848.53    7834        37.983     3232.35       25.322

  1 10 4  16 CHAKDAH                    68     4536.03   11542        52.355     3024.02       34.903

  1 10 4  17 HARINGHATA                 30     4153.52    4993        20.739     2769.01       13.826


  --------------------------------------------------------------------------------------------------------------------------------
    10    NADIA                        430     4314.37   94963       409.706     2876.25      273.137
  --------------------------------------------------------------------------------------------------------------------------------