          CROP: BORO     (17)                                                   PAGE NO:    10

                              BLOCK WISE YIELD RATE,AREA AND PRODUCTION OF  SUMMER CROPS, 2014-15
  --------------------------------------------------------------------------------------------------------------------------------
  D-DT-SD BLK BLOCK NAME              NCCE    DRY YR     AREA       DRY PRODN   YR CLRICE   PRODN CLRICE
                                             (kg/hec)    (hec)    (000 tonnes)  (kg/hec)    (000 tonnes)
  --------------------------------------------------------------------------------------------------------------------------------
  1 10 1  01 KALIGANJ                   20     5923.46    9208        54.543     3948.97       36.362

  1 10 1  02 NAKASHIPARA                60     5301.93   10072        53.401     3534.62       35.601

  1 10 1  03 KRISHNAGAR-I               20     5561.01   11470        63.785     3707.34       42.523

  1 10 1  04 KRISHNAGAR-II              20     5339.34    3377        18.031     3559.56       12.021

  1 10 1  05 CHAPRA                     20     4899.73   12393        60.722     3266.49       40.482

  1 10 1  06 NABADWIP                   20     5830.76    1556         9.073     3887.17        6.048

  1 10 1  07 KRISHNAGANJ                20     6376.68    1903        12.135     4251.12        8.090

  1 10 2  08 KARIMPUR-I                  0     5914.89    1047         6.193     3943.26        4.129

  1 10 2  09 KARIMPUR-II                 0     5914.89    2283        13.504     3943.26        9.002

  1 10 2  10 TEHATTA-I                  20     5410.08    2520        13.633     3606.72        9.089

  1 10 2  11 TEHATTA-II                 16     6169.09    5912        36.472     4112.73       24.314

  1 10 3  12 SANTIPUR                   44     5528.13    2610        14.428     3685.42        9.619

  1 10 3  13 RANAGHAT-I                 48     5851.02    3157        18.472     3900.68       12.314

  1 10 3  14 RANAGHAT-II                56     5951.59    8576        51.041     3967.73       34.027

  1 10 3  15 HANSKHALI                  52     5984.28    7093        42.446     3989.52       28.298

  1 10 4  16 CHAKDAH                    72     6272.33   12859        80.656     4181.55       53.771

  1 10 4  17 HARINGHATA                 30     6089.47    2250        13.701     4059.65        9.134


  --------------------------------------------------------------------------------------------------------------------------------
    10    NADIA                        518     5720.41   98286       562.236     3813.61      374.824
  --------------------------------------------------------------------------------------------------------------------------------