          CROP: AUS      (02)                                                   PAGE NO:    10

                              BLOCK WISE YIELD RATE,AREA AND PRODUCTION OF  BHADUI CROPS, 2014-15
  --------------------------------------------------------------------------------------------------------------------------------
  D-DT-SD BLK BLOCK NAME              NCCE    DRY YR     AREA       DRY PRODN   YR CLRICE   PRODN CLRICE
                                             (kg/hec)    (hec)    (000 tonnes)  (kg/hec)    (000 tonnes)
  --------------------------------------------------------------------------------------------------------------------------------
  1 10 1  01 KALIGANJ                   40     4115.57    6647        27.356     2743.71       18.237

  1 10 1  02 NAKASHIPARA                60     4376.80    6300        27.574     2917.87       18.383

  1 10 1  03 KRISHNAGAR-I               20     3242.29    4423        14.341     2161.53        9.560

  1 10 1  04 KRISHNAGAR-II              20     3226.37    3171        10.231     2150.91        6.821

  1 10 1  05 CHAPRA                     20     4329.38    5552        24.037     2886.25       16.024

  1 10 1  06 NABADWIP                   20     3606.79    2085         7.520     2404.53        5.013

  1 10 1  07 KRISHNAGANJ                 0     3945.39    1472         5.808     2630.26        3.872

  1 10 2  08 KARIMPUR-I                  0     4494.68     463         2.081     2996.45        1.387

  1 10 2  09 KARIMPUR-II                 0     4494.68     435         1.955     2996.45        1.303

  1 10 2  10 TEHATTA-I                  44     3870.30    2014         7.795     2580.20        5.197

  1 10 2  11 TEHATTA-II                 28     5141.94    2123        10.916     3427.96        7.278

  1 10 3  12 SANTIPUR                   40     4114.30    2147         8.833     2742.87        5.889

  1 10 3  13 RANAGHAT-I                 36     4197.16    2621        11.001     2798.11        7.334

  1 10 3  14 RANAGHAT-II                56     3752.05    4509        16.918     2501.37       11.279

  1 10 3  15 HANSKHALI                  52     3837.41    2169         8.323     2558.27        5.549

  1 10 4  16 CHAKDAH                    64     4744.76    1218         5.779     3163.17        3.853

  1 10 4  17 HARINGHATA                 28     3947.78    2250         8.883     2631.85        5.922


  --------------------------------------------------------------------------------------------------------------------------------
    10    NADIA                        528     4019.24   49599       199.350     2679.49      132.900
  --------------------------------------------------------------------------------------------------------------------------------