          CROP: KHESARI  (12)                                                   PAGE NO:    11

                              BLOCK WISE YIELD RATE,AREA AND PRODUCTION OF  RABI   CROPS, 2014-15
  --------------------------------------------------------------------------------------------------------------------------------
  D-DT-SD BLK BLOCK NAME              NCCE    DRY YR     AREA       DRY PRODN
                                             (kg/hec)    (hec)    (000 tonnes)
  --------------------------------------------------------------------------------------------------------------------------------
  1 10 1  01 KALIGANJ                    0      993.20     182         0.181

  1 10 1  02 NAKASHIPARA                 1      993.20     119         0.118

  1 10 1  04 KRISHNAGAR-II               4      993.20       6         0.006

  1 10 1  05 CHAPRA                      0      993.20      61         0.061

  1 10 1  06 NABADWIP                    0      993.20     299         0.297

  1 10 2  08 KARIMPUR-I                  0      993.20     165         0.164

  1 10 2  09 KARIMPUR-II                 1      993.20      97         0.096

  1 10 2  10 TEHATTA-I                   0      993.20     202         0.201

  1 10 2  11 TEHATTA-II                  0      993.20      83         0.082

  1 10 3  12 SANTIPUR                    0      993.20      78         0.077

  1 10 3  13 RANAGHAT-I                  0      993.20      21         0.021

  1 10 3  14 RANAGHAT-II                 0      993.20       6         0.006

  1 10 3  15 HANSKHALI                   0      993.20      27         0.027

  1 10 4  16 CHAKDAH                     0      993.20      48         0.048


  --------------------------------------------------------------------------------------------------------------------------------
    10    NADIA                          6      993.20    1394         1.385
  --------------------------------------------------------------------------------------------------------------------------------