          CROP: TIL      (18)                                                   PAGE NO:    12

                              BLOCK WISE YIELD RATE,AREA AND PRODUCTION OF  SUMMER CROPS, 2014-15
  --------------------------------------------------------------------------------------------------------------------------------
  D-DT-SD BLK BLOCK NAME              NCCE    DRY YR     AREA       DRY PRODN
                                             (kg/hec)    (hec)    (000 tonnes)
  --------------------------------------------------------------------------------------------------------------------------------
  1 10 1  01 KALIGANJ                   17     1235.49    2339         2.890

  1 10 1  02 NAKASHIPARA                18      856.02    3262         2.792

  1 10 1  03 KRISHNAGAR-I               16     1113.85    2097         2.336

  1 10 1  04 KRISHNAGAR-II              18     1302.41    2226         2.899

  1 10 1  05 CHAPRA                     18     1257.21    2502         3.146

  1 10 1  06 NABADWIP                   16     1410.84     650         0.917

  1 10 1  07 KRISHNAGANJ                 0     1165.72     866         1.010

  1 10 2  08 KARIMPUR-I                  0     1197.63     332         0.398

  1 10 2  09 KARIMPUR-II                18     1068.69    2030         2.169

  1 10 2  10 TEHATTA-I                  17     1215.06    2566         3.118

  1 10 2  11 TEHATTA-II                 18     1268.91    1197         1.519

  1 10 3  12 SANTIPUR                   16     1395.23     304         0.424

  1 10 3  13 RANAGHAT-I                 16     1357.92     210         0.285

  1 10 3  14 RANAGHAT-II                16     1434.88    1016         1.458

  1 10 3  15 HANSKHALI                  20     1468.49    1625         2.386

  1 10 4  16 CHAKDAH                    16     1477.35     745         1.101

  1 10 4  17 HARINGHATA                 16     1285.76     579         0.744


  --------------------------------------------------------------------------------------------------------------------------------
    10    NADIA                        256     1205.55   24546        29.591
  --------------------------------------------------------------------------------------------------------------------------------