          CROP: AMAN     (05)                                                   PAGE NO:    14

                              BLOCK WISE YIELD RATE,AREA AND PRODUCTION OF  WINTER CROPS, 2013-14
  --------------------------------------------------------------------------------------------------------------------------------
  D-DT-SD BLK BLOCK NAME              NCCE    DRY YR     AREA       DRY PRODN   YR CLRICE   PRODN CLRICE
                                             (kg/hec)    (hec)    (000 tonnes)  (kg/hec)    (000 tonnes)
  --------------------------------------------------------------------------------------------------------------------------------
  2 12 1  01 PANDUA                     16     3744.15    1846         6.912     2496.10        4.608

  2 12 1  02 DHANIAKHALI                16     4022.88   18893        76.004     2681.92       50.670

  2 12 1  03 POLBA/DADPUR               16     4053.37   17460        70.772     2702.25       47.181

  2 12 1  04 BALAGARH                   16     3930.34   13376        52.572     2620.23       35.048

  2 12 1  05 CHINSURAH/MOGRA            16     3954.90    2572        10.172     2636.60        6.781

  2 12 2  06 UTTARPARA/SRIRAMPORE       16     3803.79     305         1.160     2535.86        0.773

  2 12 2  07 CHANDITALA-I               16     3063.41     167         0.512     2042.27        0.341

  2 12 2  08 CHANDITALA-II              16     3771.27     293         1.105     2514.18        0.737

  2 12 2  09 JANGIPARA                  16     4359.68   32638       142.291     2906.45       94.861

  2 12 3  10 SINGUR                     16     4198.00   17310        72.667     2798.67       48.445

  2 12 3  11 HARIPAL                    16     3925.24   13688        53.729     2616.83       35.819

  2 12 3  12 TARAKESWAR                 16     4381.94   27792       121.783     2921.29       81.189

  2 12 4  13 ARAMBAG                    16     3829.74    1132         4.335     2553.16        2.890

  2 12 4  14 PURSURAH                   16     3614.94     690         2.494     2409.96        1.663

  2 12 4  15 GOGHAT-I                   16     3992.13   12992        51.866     2661.42       34.577

  2 12 4  16 GOGHAT-II                  16     4394.27   32498       142.805     2929.51       95.203

  2 12 4  17 KHANAKUL-I                 16     3234.79    1513         4.894     2156.53        3.263

  2 12 4  18 KHANAKUL-II                16     2008.94     823         1.653     1339.29        1.102


  --------------------------------------------------------------------------------------------------------------------------------
    12    HUGLI                        288     4172.33  195988       817.727     2781.55      545.151
  --------------------------------------------------------------------------------------------------------------------------------