          CROP: AUS      (02)                                                   PAGE NO:    12

                              BLOCK WISE YIELD RATE,AREA AND PRODUCTION OF  BHADUI CROPS, 2013-14
  --------------------------------------------------------------------------------------------------------------------------------
  D-DT-SD BLK BLOCK NAME              NCCE    DRY YR     AREA       DRY PRODN   YR CLRICE   PRODN CLRICE
                                             (kg/hec)    (hec)    (000 tonnes)  (kg/hec)    (000 tonnes)
  --------------------------------------------------------------------------------------------------------------------------------
  2 12 1  01 PANDUA                      0     3712.49     800         2.970     2474.99        1.980

  2 12 1  02 DHANIAKHALI                 5     3725.21      34         0.127     2483.47        0.084

  2 12 1  03 POLBA/DADPUR                0     3712.49     266         0.988     2474.99        0.658

  2 12 2  09 JANGIPARA                  10     4110.12       0         0.000     2740.08        0.000

  2 12 3  10 SINGUR                      0     4457.52       2         0.009     2971.68        0.006

  2 12 3  11 HARIPAL                     7     4416.48     187         0.826     2944.32        0.551

  2 12 3  12 TARAKESWAR                 14     3466.17       0         0.000     2310.78        0.000

  2 12 4  13 ARAMBAG                     0     3670.17     211         0.774     2446.78        0.516

  2 12 4  15 GOGHAT-I                   10     3927.10    1170         4.595     2618.07        3.063

  2 12 4  16 GOGHAT-II                   0     3670.17     550         2.019     2446.78        1.346

  2 12 4  17 KHANAKUL-I                 16     3552.29    2544         9.037     2368.19        6.025

  2 12 4  18 KHANAKUL-II                 8     3291.41      52         0.171     2194.27        0.114


  --------------------------------------------------------------------------------------------------------------------------------
    12    HUGLI                         70     3699.25    5816        21.515     2466.17       14.343
  --------------------------------------------------------------------------------------------------------------------------------