          CROP: BORO     (17)                                                   PAGE NO:    14

                              BLOCK WISE YIELD RATE,AREA AND PRODUCTION OF  SUMMER CROPS, 2013-14
  --------------------------------------------------------------------------------------------------------------------------------
  D-DT-SD BLK BLOCK NAME              NCCE    DRY YR     AREA       DRY PRODN   YR CLRICE   PRODN CLRICE
                                             (kg/hec)    (hec)    (000 tonnes)  (kg/hec)    (000 tonnes)
  --------------------------------------------------------------------------------------------------------------------------------
  2 12 1  01 PANDUA                     16     4414.99   11592        51.179     2943.33       34.119

  2 12 1  02 DHANIAKHALI                16     4444.11    4489        19.950     2962.74       13.300

  2 12 1  03 POLBA/DADPUR               16     3197.28    6905        22.077     2131.52       14.718

  2 12 1  04 BALAGARH                   16     4298.17    7895        33.934     2865.45       22.623

  2 12 1  05 CHINSURAH/MOGRA            16     3743.85    1519         5.687     2495.90        3.791

  2 12 2  06 UTTARPARA/SRIRAMPORE       16     4732.86     117         0.554     3155.24        0.369

  2 12 2  07 CHANDITALA-I               16     4969.02    3097        15.389     3312.68       10.259

  2 12 2  08 CHANDITALA-II              16     5209.87    1435         7.476     3473.25        4.984

  2 12 2  09 JANGIPARA                  16     4736.26    4601        21.792     3157.51       14.528

  2 12 3  10 SINGUR                     16     4921.43    1670         8.219     3280.95        5.479

  2 12 3  11 HARIPAL                    16     4292.82    4568        19.610     2861.88       13.073

  2 12 3  12 TARAKESWAR                 16     4702.10    1668         7.843     3134.73        5.229

  2 12 4  13 ARAMBAG                    16     4924.57   12293        60.538     3283.05       40.358

  2 12 4  14 PURSURAH                   16     3861.88     112         0.433     2574.59        0.288

  2 12 4  15 GOGHAT-I                   16     4804.79    5491        26.383     3203.19       17.589

  2 12 4  16 GOGHAT-II                  16     4688.91    4271        20.026     3125.94       13.351

  2 12 4  17 KHANAKUL-I                 16     4180.25    6389        26.708     2786.83       17.805

  2 12 4  18 KHANAKUL-II                16     4007.42    6129        24.561     2671.61       16.374


  --------------------------------------------------------------------------------------------------------------------------------
    12    HUGLI                        288     4420.14   84241       372.357     2946.76      248.238
  --------------------------------------------------------------------------------------------------------------------------------