          CROP: TIL      (18)                                                   PAGE NO:    14

                              BLOCK WISE YIELD RATE,AREA AND PRODUCTION OF  SUMMER CROPS, 2013-14
  --------------------------------------------------------------------------------------------------------------------------------
  D-DT-SD BLK BLOCK NAME              NCCE    DRY YR     AREA       DRY PRODN
                                             (kg/hec)    (hec)    (000 tonnes)
  --------------------------------------------------------------------------------------------------------------------------------
  2 12 1  01 PANDUA                     16      904.23     340         0.307

  2 12 1  02 DHANIAKHALI                16      829.77    4734         3.928

  2 12 1  03 POLBA/DADPUR               16      909.05    1937         1.761

  2 12 1  04 BALAGARH                   16      876.89     234         0.205

  2 12 1  05 CHINSURAH/MOGRA            16      773.54      58         0.045

  2 12 2  06 UTTARPARA/SRIRAMPORE       16     1592.66     916         1.459

  2 12 2  07 CHANDITALA-I               16      930.33     179         0.167

  2 12 2  08 CHANDITALA-II              16     1809.15    1008         1.824

  2 12 2  09 JANGIPARA                  16     1080.74    2315         2.502

  2 12 3  10 SINGUR                     16      966.83     923         0.892

  2 12 3  11 HARIPAL                    16      789.95    2264         1.788

  2 12 3  12 TARAKESWAR                 16      932.38    3398         3.168

  2 12 4  13 ARAMBAG                    16     1045.13    3053         3.191

  2 12 4  14 PURSURAH                   16      825.70    1785         1.474

  2 12 4  15 GOGHAT-I                   16     1048.23    2878         3.017

  2 12 4  16 GOGHAT-II                  16     1104.06    4626         5.107

  2 12 4  17 KHANAKUL-I                 16      899.57    1358         1.222

  2 12 4  18 KHANAKUL-II                16      878.17     461         0.405


  --------------------------------------------------------------------------------------------------------------------------------
    12    HUGLI                        288      999.84   32467        32.462
  --------------------------------------------------------------------------------------------------------------------------------