          CROP: MUSTARD  (15)                                                   PAGE NO:    14

                              BLOCK WISE YIELD RATE,AREA AND PRODUCTION OF  RABI   CROPS, 2013-14
  --------------------------------------------------------------------------------------------------------------------------------
  D-DT-SD BLK BLOCK NAME              NCCE    DRY YR     AREA       DRY PRODN
                                             (kg/hec)    (hec)    (000 tonnes)
  --------------------------------------------------------------------------------------------------------------------------------
  2 12 1  01 PANDUA                     16      990.37     563         0.558

  2 12 1  02 DHANIAKHALI                16     1013.32    1174         1.190

  2 12 1  03 POLBA - DADPUR             16      835.63     329         0.275

  2 12 1  04 BALAGARH                   16      885.29    2226         1.971

  2 12 1  05 CHINSURAH - MOGRA          16      837.60     146         0.122

  2 12 2  06 SREERAMPUR - UTTARPA       16      930.47      96         0.089

  2 12 2  07 CHANDITALA-I               16      792.04     119         0.094

  2 12 2  08 CHANDITALA-II              16      954.82       4         0.004

  2 12 2  09 JANGIPARA                  16     1057.34    1815         1.919

  2 12 3  10 SINGUR                     16     1114.03     219         0.244

  2 12 3  11 HARIPAL                    16      913.92     194         0.177

  2 12 3  12 TARAKESWAR                 16      809.93     312         0.253

  2 12 4  13 ARAMBAG                    16      918.64    2061         1.893

  2 12 4  14 PURSURAH                   13      904.62       7         0.006

  2 12 4  15 GOGHAT-I                   16      921.69     345         0.318

  2 12 4  16 GOGHAT-II                  16      926.96     966         0.895

  2 12 4  17 KHANAKUL-I                 16      692.45     976         0.676

  2 12 4  18 KHANAKUL-II                16      759.15    1796         1.363


  --------------------------------------------------------------------------------------------------------------------------------
    12    HUGLI                        285      902.60   13348        12.048
  --------------------------------------------------------------------------------------------------------------------------------