          CROP: JUTE     (01)                                                   PAGE NO:    13

                              BLOCK WISE YIELD RATE,AREA AND PRODUCTION OF  BHADUI CROPS, 2013-14
  --------------------------------------------------------------------------------------------------------------------------------
  D-DT-SD BLK BLOCK NAME              NCCE    DRY YR     AREA       DRY PRODN
                                              (bales/hec)(hec)    ('000 bales)
  --------------------------------------------------------------------------------------------------------------------------------
  2 12 1  01 PANDUA                      3       20.34       0         0.000

  2 12 1  02 DHANIAKHALI                16       19.45    1311        25.499

  2 12 1  03 POLBA/DADPUR                9       15.37     307         4.719

  2 12 1  04 BALAGARH                   16       21.03    3825        80.440

  2 12 1  05 CHINSURAH/MOGRA             6       20.00      28         0.560

  2 12 2  06 UTTARPARA/SRIRAMPORE       16       21.06      52         1.095

  2 12 2  07 CHANDITALA-I               16       21.20     202         4.282

  2 12 2  08 CHANDITALA-II              16       21.27     171         3.637

  2 12 2  09 JANGIPARA                  16       22.87    1347        30.806

  2 12 3  10 SINGUR                     16       23.53    2267        53.343

  2 12 3  11 HARIPAL                    16       20.58    1195        24.593

  2 12 3  12 TARAKESWAR                 16       21.37    2730        58.340

  2 12 4  13 ARAMBAG                     4       18.38     110         2.022

  2 12 4  14 PURSURAH                   16       20.78    2601        54.049

  2 12 4  17 KHANAKUL-I                 16       21.30    2600        55.380

  2 12 4  18 KHANAKUL-II                16       19.13    1207        23.090


  --------------------------------------------------------------------------------------------------------------------------------
    12    HUGLI                        214       21.14   19953       421.854
  --------------------------------------------------------------------------------------------------------------------------------