
          CROP: AMAN     (05)                                                   PAGE NO:     1

                              BLOCK WISE YIELD RATE,AREA AND PRODUCTION OF  WINTER CROPS, 2013-14
  --------------------------------------------------------------------------------------------------------------------------------
  D-DT-SD BLK BLOCK NAME              NCCE    DRY YR     AREA       DRY PRODN   YR CLRICE   PRODN CLRICE
                                             (kg/hec)    (hec)    (000 tonnes)  (kg/hec)    (000 tonnes)
  --------------------------------------------------------------------------------------------------------------------------------
  3 01 1  01 DARJEELING-PULBAZAR        16     2914.85     716         2.087     1943.23        1.391

  3 01 1  03 RANGLI-RANGLIAT             6     2498.75      46         0.115     1665.83        0.077

  3 01 2  04 KURSEONG                    6     2961.48      56         0.166     1974.32        0.111

  3 01 2  05 MIRIK                       0     3440.00      32         0.110     2293.33        0.073

  3 01 3  06 KALIMPONG-I                16     3157.24    2565         8.098     2104.83        5.399

  3 01 3  07 KALIMPONG-II               16     3092.07    1745         5.396     2061.38        3.597

  3 01 3  08 GORUBATHAN                 16     2543.70     649         1.651     1695.80        1.101

  3 01 4  09 NAXALBARI                  16     3777.54    3101        11.714     2518.36        7.809

  3 01 4  10 MATIGARA                   16     2677.62     756         2.024     1785.08        1.350

  3 01 4  11 KHARIBARI                  16     3531.39    7156        25.271     2354.26       16.847

  3 01 4  12 PHANSIDEWA                 16     3589.92   10183        36.556     2393.28       24.371


  --------------------------------------------------------------------------------------------------------------------------------
    01    DARJILING                    140     3450.77   27005        93.188     2300.51       62.125
  --------------------------------------------------------------------------------------------------------------------------------