          CROP: BORO     (17)                                                   PAGE NO:     8

                              BLOCK WISE YIELD RATE,AREA AND PRODUCTION OF  SUMMER CROPS, 2014-15
  --------------------------------------------------------------------------------------------------------------------------------
  D-DT-SD BLK BLOCK NAME              NCCE    DRY YR     AREA       DRY PRODN   YR CLRICE   PRODN CLRICE
                                             (kg/hec)    (hec)    (000 tonnes)  (kg/hec)    (000 tonnes)
  --------------------------------------------------------------------------------------------------------------------------------
  2 08 1  01 SURI-I                     24     5048.86     605         3.055     3365.91        2.036

  2 08 1  02 SURI-II                    20     4599.80    1735         7.981     3066.53        5.320

  2 08 1  03 DUBRAJPUR                  24     5368.07     225         1.208     3578.71        0.805

  2 08 1  04 MD. BAZAR                  25     5294.98     343         1.816     3529.99        1.211

  2 08 1  06 KHOYRASOLE                  0     5860.15      43         0.252     3906.77        0.168

  2 08 1  07 SAINTHIA                   48     6319.71    5177        32.717     4213.14       21.811

  2 08 2  08 BOLEPUR-SRINIKETAN         20     5971.80    3610        21.558     3981.20       14.372

  2 08 2  09 ILLAMBAZAR                  0     5475.99    6154        33.699     3650.66       22.466

  2 08 2  10 LABHPUR                    20     5553.42    7785        43.233     3702.28       28.822

  2 08 2  11 NANOOR                      0     5475.99   10588        57.980     3650.66       38.653

  2 08 3  12 RAMPURHAT-I                20     5200.48    1938        10.079     3466.99        6.719

  2 08 3  13 RAMPURHAT-II               20     5077.46   10528        53.455     3384.97       35.637

  2 08 3  14 MAYURESWAR-I                0     4536.39    2967        13.459     3024.26        8.973

  2 08 3  15 MAYURESWAR-II              20     2593.35    3663         9.499     1728.90        6.333

  2 08 3  16 NALHATI-I                   0     4536.39    1873         8.497     3024.26        5.664

  2 08 3  17 NALHATI-II                 20     3580.96    4913        17.593     2387.31       11.729

  2 08 3  18 MURARAI-I                   0     4536.39    1271         5.766     3024.26        3.844

  2 08 3  19 MURARAI-II                 20     5322.87    3163        16.836     3548.58       11.224


  --------------------------------------------------------------------------------------------------------------------------------
    08    BIRBHUM                      281     5086.79   66581       338.684     3391.19      225.789
  --------------------------------------------------------------------------------------------------------------------------------