          CROP: GRAM     (08)                                                   PAGE NO:     7

                              BLOCK WISE YIELD RATE,AREA AND PRODUCTION OF  RABI   CROPS, 2014-15
  --------------------------------------------------------------------------------------------------------------------------------
  D-DT-SD BLK BLOCK NAME              NCCE    DRY YR     AREA       DRY PRODN
                                             (kg/hec)    (hec)    (000 tonnes)
  --------------------------------------------------------------------------------------------------------------------------------
  2 08 1  01 SURI-I                      7     1488.53     712         1.060

  2 08 1  02 SURI-II                     8      957.09     121         0.116

  2 08 1  03 DUBRAJPUR                   2     1347.39     105         0.141

  2 08 1  04 MD. BAZAR                   4     1354.79     119         0.161

  2 08 1  05 RAJNAGAR                    4     1321.13      25         0.033

  2 08 1  06 KHOYRASOLE                  3     1315.75      13         0.017

  2 08 1  07 SAINTHIA                   10     1300.41     172         0.224

  2 08 2  08 BOLEPUR-SRINIKETAN         20     1672.94     900         1.506

  2 08 2  09 ILLAMBAZAR                 10     1155.39     132         0.153

  2 08 2  10 LABHPUR                     5     1483.02     400         0.593

  2 08 2  11 NANOOR                      4     1503.24     500         0.752

  2 08 3  12 RAMPURHAT-I                20     1231.39     700         0.862

  2 08 3  13 RAMPURHAT-II               20     1315.36     867         1.140

  2 08 3  14 MAYURESWAR-I               17     1112.79     109         0.121

  2 08 3  15 MAYURESWAR-II              17     1467.08     826         1.212

  2 08 3  16 NALHATI-I                  19      966.18     126         0.122

  2 08 3  17 NALHATI-II                  0     1310.66     130         0.170

  2 08 3  18 MURARAI-I                  20     1314.20     718         0.944

  2 08 3  19 MURARAI-II                 20      913.51     106         0.097


  --------------------------------------------------------------------------------------------------------------------------------
    08    BIRBHUM                      210     1389.64    6781         9.423
  --------------------------------------------------------------------------------------------------------------------------------