          CROP: AMAN     (05)                                                   PAGE NO:     9

                              BLOCK WISE YIELD RATE,AREA AND PRODUCTION OF  WINTER CROPS, 2014-15
  --------------------------------------------------------------------------------------------------------------------------------
  D-DT-SD BLK BLOCK NAME              NCCE    DRY YR     AREA       DRY PRODN   YR CLRICE   PRODN CLRICE
                                             (kg/hec)    (hec)    (000 tonnes)  (kg/hec)    (000 tonnes)
  --------------------------------------------------------------------------------------------------------------------------------
  2 08 1  01 SURI-I                     28     4453.39    8652        38.531     2968.93       25.687

  2 08 1  02 SURI-II                    20     3948.29    9951        39.289     2632.19       26.193

  2 08 1  03 DUBRAJPUR                  40     5149.19   23012       118.493     3432.79       78.995

  2 08 1  04 MD. BAZAR                  48     4839.76   20479        99.113     3226.51       66.076

  2 08 1  05 RAJNAGAR                   20     3280.59   13572        44.524     2187.06       29.683

  2 08 1  06 KHOYRASOLE                 40     3996.27   16166        64.604     2664.18       43.069

  2 08 1  07 SAINTHIA                   48     4418.18   22045        97.399     2945.45       64.933

  2 08 2  08 BOLEPUR-SRINIKETAN         36     5873.49   22603       132.758     3915.66       88.506

  2 08 2  09 ILLAMBAZAR                 36     5570.57   17314        96.449     3713.71       64.299

  2 08 2  10 LABHPUR                    44     5374.57   21089       113.344     3583.05       75.563

  2 08 2  11 NANOOR                     44     5336.75   22675       121.011     3557.83       80.674

  2 08 3  12 RAMPURHAT-I                36     4788.00   21685       103.828     3192.00       69.219

  2 08 3  13 RAMPURHAT-II               36     4945.05   15339        75.852     3296.70       50.568

  2 08 3  14 MAYURESWAR-I               18     4750.89   16670        79.197     3167.26       52.798

  2 08 3  15 MAYURESWAR-II              24     4655.68    9927        46.217     3103.79       30.811

  2 08 3  16 NALHATI-I                  20     5172.20   18401        95.174     3448.13       63.449

  2 08 3  17 NALHATI-II                 20     5078.82    8822        44.805     3385.88       29.870

  2 08 3  18 MURARAI-I                  28     4808.02   12208        58.696     3205.35       39.131

  2 08 3  19 MURARAI-II                 28     5001.34   14951        74.775     3334.23       49.850


  --------------------------------------------------------------------------------------------------------------------------------
    08    BIRBHUM                      614     4893.06  315561      1544.060     3262.04     1029.374
  --------------------------------------------------------------------------------------------------------------------------------