          CROP: TIL      (18)                                                   PAGE NO:     9

                              BLOCK WISE YIELD RATE,AREA AND PRODUCTION OF  SUMMER CROPS, 2014-15
  --------------------------------------------------------------------------------------------------------------------------------
  D-DT-SD BLK BLOCK NAME              NCCE    DRY YR     AREA       DRY PRODN
                                             (kg/hec)    (hec)    (000 tonnes)
  --------------------------------------------------------------------------------------------------------------------------------
  2 08 1  01 SURI-I                      7      582.99       9         0.005

  2 08 1  02 SURI-II                    10      963.65     101         0.097

  2 08 1  03 DUBRAJPUR                  10      837.94       1         0.001

  2 08 1  04 MD. BAZAR                   6      580.44      44         0.026

  2 08 1  05 RAJNAGAR                    6      435.26       1         0.000

  2 08 1  06 KHOYRASOLE                  9      569.62      75         0.043

  2 08 1  07 SAINTHIA                   18      866.17     408         0.353

  2 08 2  08 BOLEPUR-SRINIKETAN         18     1057.72     911         0.964

  2 08 2  09 ILLAMBAZAR                 15      764.89     150         0.115

  2 08 2  10 LABHPUR                    18      653.53     454         0.297

  2 08 2  11 NANOOR                     18      798.42     700         0.559

  2 08 3  12 RAMPURHAT-I                12     1084.38     120         0.130

  2 08 3  13 RAMPURHAT-II               18      804.86     428         0.344

  2 08 3  14 MAYURESWAR-I                8      552.97     202         0.112

  2 08 3  15 MAYURESWAR-II              17      397.75     200         0.080

  2 08 3  16 NALHATI-I                   6      640.92     200         0.128

  2 08 3  17 NALHATI-II                 19      654.13     317         0.207

  2 08 3  18 MURARAI-I                  14     1077.66     497         0.536

  2 08 3  19 MURARAI-II                  4      793.13     200         0.159


  --------------------------------------------------------------------------------------------------------------------------------
    08    BIRBHUM                      233      828.03    5018         4.155
  --------------------------------------------------------------------------------------------------------------------------------