          CROP: WHEAT    (06)                                                   PAGE NO:     9

                              BLOCK WISE YIELD RATE,AREA AND PRODUCTION OF  RABI   CROPS, 2014-15
  --------------------------------------------------------------------------------------------------------------------------------
  D-DT-SD BLK BLOCK NAME              NCCE    DRY YR     AREA       DRY PRODN
                                             (kg/hec)    (hec)    (000 tonnes)
  --------------------------------------------------------------------------------------------------------------------------------
  2 08 1  01 SURI-I                     20     2791.99     462         1.290

  2 08 1  02 SURI-II                    19     2604.01     398         1.036

  2 08 1  03 DUBRAJPUR                  20     2273.55    1014         2.305

  2 08 1  04 MD. BAZAR                  18     2805.71     494         1.386

  2 08 1  05 RAJNAGAR                   18     2125.07     454         0.965

  2 08 1  06 KHOYRASOLE                 10     2978.94    1360         4.051

  2 08 1  07 SAINTHIA                   20     3038.51    1763         5.357

  2 08 2  08 BOLEPUR-SRINIKETAN         16     3417.95     852         2.912

  2 08 2  09 ILLAMBAZAR                 20     3004.93     769         2.311

  2 08 2  10 LABHPUR                    16     1993.57    1114         2.221

  2 08 2  11 NANOOR                      1     2852.71    1011         2.884

  2 08 3  12 RAMPURHAT-I                20     3336.54    3628        12.105

  2 08 3  13 RAMPURHAT-II               20     3041.53    3861        11.743

  2 08 3  14 MAYURESWAR-I               19     2967.94    1432         4.250

  2 08 3  15 MAYURESWAR-II              19     2782.46    1174         3.267

  2 08 3  16 NALHATI-I                  20     2369.52    3826         9.066

  2 08 3  17 NALHATI-II                 19     3220.26    2161         6.959

  2 08 3  18 MURARAI-I                  19     3216.03    2917         9.381

  2 08 3  19 MURARAI-II                 20     2550.18    4785        12.203


  --------------------------------------------------------------------------------------------------------------------------------
    08    BIRBHUM                      334     2858.61   33475        95.692
  --------------------------------------------------------------------------------------------------------------------------------