          CROP: MUSTARD  (15)                                                   PAGE NO:     9

                              BLOCK WISE YIELD RATE,AREA AND PRODUCTION OF  RABI   CROPS, 2014-15
  --------------------------------------------------------------------------------------------------------------------------------
  D-DT-SD BLK BLOCK NAME              NCCE    DRY YR     AREA       DRY PRODN
                                             (kg/hec)    (hec)    (000 tonnes)
  --------------------------------------------------------------------------------------------------------------------------------
  2 08 1  01 SURI-I                     19      694.78     734         0.510

  2 08 1  02 SURI-II                    18      765.35     914         0.700

  2 08 1  03 DUBRAJPUR                  20      824.99    1631         1.346

  2 08 1  04 MD. BAZAR                  20      915.10    1413         1.293

  2 08 1  05 RAJNAGAR                   20      750.80     262         0.197

  2 08 1  06 KHOYRASOLE                 18      950.60    1516         1.441

  2 08 1  07 SAINTHIA                   19      516.70    1765         0.912

  2 08 2  08 BOLEPUR-SRINIKETAN         19      901.71    1744         1.573

  2 08 2  09 ILLAMBAZAR                 18      818.32     704         0.576

  2 08 2  10 LABHPUR                    18      859.92    2269         1.951

  2 08 2  11 NANOOR                     17      898.68    3359         3.019

  2 08 3  12 RAMPURHAT-I                19      862.69    2065         1.781

  2 08 3  13 RAMPURHAT-II               19      922.29    3112         2.870

  2 08 3  14 MAYURESWAR-I               18      991.15    1582         1.568

  2 08 3  15 MAYURESWAR-II              18      972.78    1092         1.062

  2 08 3  16 NALHATI-I                  18      591.59    1989         1.177

  2 08 3  17 NALHATI-II                 20      696.30    3154         2.196

  2 08 3  18 MURARAI-I                  18      927.08    2241         2.078

  2 08 3  19 MURARAI-II                 18      805.79    2925         2.357


  --------------------------------------------------------------------------------------------------------------------------------
    08    BIRBHUM                      354      829.85   34471        28.606
  --------------------------------------------------------------------------------------------------------------------------------