          CROP: SUGARCANE(16)                                                   PAGE NO:     7

                              BLOCK WISE YIELD RATE,AREA AND PRODUCTION OF  RABI   CROPS, 2014-15
  --------------------------------------------------------------------------------------------------------------------------------
  D-DT-SD BLK BLOCK NAME              NCCE    DRY YR     AREA       DRY PRODN
                                             (kg/hec)    (hec)    (000 tonnes)
  --------------------------------------------------------------------------------------------------------------------------------
  2 08 1  01 SURI-I                      6   109430.63      19         2.079

  2 08 1  02 SURI-II                     5    65842.05      32         2.107

  2 08 1  03 DUBRAJPUR                   4    92608.18       3         0.278

  2 08 1  04 MD. BAZAR                   4    78861.67      50         3.943

  2 08 1  05 RAJNAGAR                    5   100196.92      10         1.002

  2 08 1  06 KHOYRASOLE                  0    77948.26      32         2.494

  2 08 1  07 SAINTHIA                    6    65206.74     127         8.281

  2 08 2  08 BOLEPUR-SRINIKETAN          2    88988.24       1         0.089

  2 08 2  09 ILLAMBAZAR                  6    70619.60       1         0.071

  2 08 2  10 LABHPUR                     7   102871.83     110        11.316

  2 08 2  11 NANOOR                      3   100543.79     112        11.261

  2 08 3  12 RAMPURHAT-I                 3    87886.76      38         3.340

  2 08 3  13 RAMPURHAT-II                4   105195.84      38         3.997

  2 08 3  14 MAYURESWAR-I                5    87895.63      46         4.043

  2 08 3  15 MAYURESWAR-II               7    62403.32      74         4.618

  2 08 3  16 NALHATI-I                   1    88611.66       1         0.089

  2 08 3  17 NALHATI-II                  1    87646.81       1         0.088

  2 08 3  18 MURARAI-I                   1    87972.20       1         0.088

  2 08 3  19 MURARAI-II                  2    77453.79      21         1.627


  --------------------------------------------------------------------------------------------------------------------------------
    08    BIRBHUM                       72    84811.66     717        60.810
  --------------------------------------------------------------------------------------------------------------------------------