          CROP: MUSUR    (09)                                                   PAGE NO:     9

                              BLOCK WISE YIELD RATE,AREA AND PRODUCTION OF  RABI   CROPS, 2014-15
  --------------------------------------------------------------------------------------------------------------------------------
  D-DT-SD BLK BLOCK NAME              NCCE    DRY YR     AREA       DRY PRODN
                                             (kg/hec)    (hec)    (000 tonnes)
  --------------------------------------------------------------------------------------------------------------------------------
  2 08 1  01 SURI-I                      7     1014.46     103         0.104

  2 08 1  02 SURI-II                     8      684.43     111         0.076

  2 08 1  03 DUBRAJPUR                   7      724.59      95         0.069

  2 08 1  04 MD. BAZAR                  18      799.72     104         0.083

  2 08 1  05 RAJNAGAR                    2      896.31      18         0.016

  2 08 1  06 KHOYRASOLE                  2      907.96      10         0.009

  2 08 1  07 SAINTHIA                   14     1048.92     186         0.195

  2 08 2  08 BOLEPUR-SRINIKETAN         18      569.90     346         0.197

  2 08 2  09 ILLAMBAZAR                 19      863.25     162         0.140

  2 08 2  10 LABHPUR                    16     1234.71     405         0.500

  2 08 2  11 NANOOR                     13      867.54     306         0.265

  2 08 3  12 RAMPURHAT-I                19     1303.07     606         0.790

  2 08 3  13 RAMPURHAT-II               20     1216.47     400         0.487

  2 08 3  14 MAYURESWAR-I               11      666.60     316         0.211

  2 08 3  15 MAYURESWAR-II               8      658.46     326         0.215

  2 08 3  16 NALHATI-I                  19     1056.01     417         0.440

  2 08 3  17 NALHATI-II                  1     1011.84     324         0.328

  2 08 3  18 MURARAI-I                  18     1321.85     736         0.973

  2 08 3  19 MURARAI-II                 18     1042.71     502         0.523


  --------------------------------------------------------------------------------------------------------------------------------
    08    BIRBHUM                      238     1027.12    5473         5.621
  --------------------------------------------------------------------------------------------------------------------------------