          CROP: MUSTARD  (15)                                                   PAGE NO:    10

                              BLOCK WISE YIELD RATE,AREA AND PRODUCTION OF  RABI   CROPS, 2013-14
  --------------------------------------------------------------------------------------------------------------------------------
  D-DT-SD BLK BLOCK NAME              NCCE    DRY YR     AREA       DRY PRODN
                                             (kg/hec)    (hec)    (000 tonnes)
  --------------------------------------------------------------------------------------------------------------------------------
  2 09 1  01 BURDWAN -I                 16     1158.47    1376         1.594

  2 09 1  02 BURDWAN-II                 17      870.99     193         0.168

  2 09 1  03 AUSGRAM-I                  17      859.78     357         0.307

  2 09 1  04 AUSGRAM-II                 16      835.33     165         0.138

  2 09 1  05 BHATAR                     18     1099.97    1339         1.473

  2 09 1  06 GALSI-II                   18     1005.80     486         0.489

  2 09 2  07 MEMARI-I                   16     1263.63    2572         3.250

  2 09 2  08 MEMARI-II                  17      514.71     101         0.052

  2 09 2  09 JAMALPUR                   18     1171.65    1719         2.014

  2 09 2  10 RAINA-I                    18      824.93     387         0.319

  2 09 2  11 RAINA-II                   18      988.25    1909         1.887

  2 09 2  12 KHANDAGHOSH                17      870.38     970         0.844

  2 09 3  13 KATWA-I                    17      699.09     116         0.081

  2 09 3  14 KATWA-II                   17      938.52    1440         1.351

  2 09 3  15 KETUGRAM-I                 16      936.20     432         0.404

  2 09 3  16 KETUGRAM-II                16      907.82    1985         1.802

  2 09 3  17 MANGALKOT                  17      940.65    1516         1.426

  2 09 4  18 KALNA-I                    17      892.94    2052         1.832

  2 09 4  19 KALNA-II                   16      954.88      54         0.052

  2 09 4  20 PURBASTHALI-I              17      716.95      57         0.041

  2 09 4  21 PURBASTHALI-II             16     1029.30    2626         2.703

  2 09 4  22 MONTESWAR                  18     1050.10     987         1.036

  2 09 5  23 GALSI-I                    16      701.14      82         0.057

  2 09 5  24 ANDAL                      14      610.59      18         0.011
          CROP: MUSTARD  (15)                                                   PAGE NO:    11

                              BLOCK WISE YIELD RATE,AREA AND PRODUCTION OF  RABI   CROPS, 2013-14
  --------------------------------------------------------------------------------------------------------------------------------
  D-DT-SD BLK BLOCK NAME              NCCE    DRY YR     AREA       DRY PRODN
                                             (kg/hec)    (hec)    (000 tonnes)
  --------------------------------------------------------------------------------------------------------------------------------
  2 09 5  25 DURGAPUR-FARIDPUR          17     1041.68      68         0.071

  2 09 5  26 PANDABESWAR                20      528.42      30         0.016

  2 09 5  27 KANKSA                     19      450.03      84         0.038

  2 09 6  29 BARABANI                   16      580.45      32         0.019

  2 09 6  30 RANIGANJ                    6      473.01      10         0.005

  2 09 6  31 JAMURIA                    17      735.08      50         0.037


  --------------------------------------------------------------------------------------------------------------------------------
    09    BARDDHAMAN                   498     1013.10   23213        23.517
  --------------------------------------------------------------------------------------------------------------------------------