          CROP: AUS      (02)                                                   PAGE NO:     9

                              BLOCK WISE YIELD RATE,AREA AND PRODUCTION OF  BHADUI CROPS, 2013-14
  --------------------------------------------------------------------------------------------------------------------------------
  D-DT-SD BLK BLOCK NAME              NCCE    DRY YR     AREA       DRY PRODN   YR CLRICE   PRODN CLRICE
                                             (kg/hec)    (hec)    (000 tonnes)  (kg/hec)    (000 tonnes)
  --------------------------------------------------------------------------------------------------------------------------------
  2 09 1  03 AUSGRAM-I                  16     3840.76     982         3.772     2560.51        2.514

  2 09 2  07 MEMARI-I                   19     3955.42    2534        10.023     2636.95        6.682

  2 09 2  08 MEMARI-II                  17     4073.30    2343         9.544     2715.53        6.362

  2 09 2  09 JAMALPUR                   17     3969.75    1517         6.022     2646.50        4.015

  2 09 2  12 KHANDAGHOSH                 0     4014.94     427         1.714     2676.63        1.143

  2 09 3  14 KATWA-II                    8     4220.73     535         2.258     2813.82        1.505

  2 09 3  16 KETUGRAM-II                14     4223.45       0         0.000     2815.63        0.000

  2 09 3  17 MANGALKOT                   4     4737.37     271         1.284     3158.25        0.856

  2 09 4  18 KALNA-I                     8     4306.58       0         0.000     2871.05        0.000

  2 09 4  19 KALNA-II                   16     4032.17       0         0.000     2688.11        0.000

  2 09 4  20 PURBASTHALI-I              14     3952.72       0         0.000     2635.15        0.000

  2 09 4  21 PURBASTHALI-II             17     4187.39     485         2.031     2791.59        1.354

  2 09 4  22 MONTESWAR                   0     4187.39     262         1.097     2791.59        0.731

  2 09 5  27 KANKSA                      5     4061.87       0         0.000     2707.91        0.000


  --------------------------------------------------------------------------------------------------------------------------------
    09    BARDDHAMAN                   155     4034.29    9356        37.745     2689.53       25.163
  --------------------------------------------------------------------------------------------------------------------------------