          CROP: TIL      (18)                                                   PAGE NO:    10

                              BLOCK WISE YIELD RATE,AREA AND PRODUCTION OF  SUMMER CROPS, 2013-14
  --------------------------------------------------------------------------------------------------------------------------------
  D-DT-SD BLK BLOCK NAME              NCCE    DRY YR     AREA       DRY PRODN
                                             (kg/hec)    (hec)    (000 tonnes)
  --------------------------------------------------------------------------------------------------------------------------------
  2 09 1  01 BURDWAN -I                 18     1127.13       0         0.000

  2 09 1  02 BURDWAN-II                  6     1289.90       0         0.000

  2 09 1  03 AUSGRAM-I                  16      396.19     695         0.275

  2 09 1  04 AUSGRAM-II                 16      526.88      55         0.029

  2 09 1  05 BHATAR                     17      583.31     323         0.188

  2 09 1  06 GALSI-II                   14     1138.66      88         0.100

  2 09 2  07 MEMARI-I                   17     1286.20     280         0.360

  2 09 2  08 MEMARI-II                  15      863.35      22         0.019

  2 09 2  09 JAMALPUR                   17      764.15    2830         2.163

  2 09 2  10 RAINA-I                    18      751.79    2695         2.026

  2 09 2  11 RAINA-II                   17      745.57    1649         1.229

  2 09 2  12 KHANDAGHOSH                18      692.12     659         0.456

  2 09 3  13 KATWA-I                    12      990.03      53         0.052

  2 09 3  14 KATWA-II                   16      848.87     721         0.612

  2 09 3  15 KETUGRAM-I                 16     1541.09      48         0.074

  2 09 3  16 KETUGRAM-II                12     1323.47     358         0.474

  2 09 3  17 MANGALKOT                  18      782.95    1477         1.156

  2 09 4  18 KALNA-I                    17     1652.75    1703         2.815

  2 09 4  19 KALNA-II                   16     1116.48     200         0.223

  2 09 4  20 PURBASTHALI-I              19     1634.79    1614         2.639

  2 09 4  21 PURBASTHALI-II             18     1023.69       0         0.000

  2 09 4  22 MONTESWAR                  16     1078.83      78         0.084

  2 09 5  23 GALSI-I                    18     1291.85       0         0.000

  2 09 5  25 DURGAPUR-FARIDPUR          17     1147.19      77         0.088
          CROP: TIL      (18)                                                   PAGE NO:    11

                              BLOCK WISE YIELD RATE,AREA AND PRODUCTION OF  SUMMER CROPS, 2013-14
  --------------------------------------------------------------------------------------------------------------------------------
  D-DT-SD BLK BLOCK NAME              NCCE    DRY YR     AREA       DRY PRODN
                                             (kg/hec)    (hec)    (000 tonnes)
  --------------------------------------------------------------------------------------------------------------------------------
  2 09 5  27 KANKSA                     16      661.08       0         0.000


  --------------------------------------------------------------------------------------------------------------------------------
    09    BARDDHAMAN                   400      964.09   15625        15.064
  --------------------------------------------------------------------------------------------------------------------------------