          CROP: SUGARCANE(16)                                                   PAGE NO:     8

                              BLOCK WISE YIELD RATE,AREA AND PRODUCTION OF  RABI   CROPS, 2013-14
  --------------------------------------------------------------------------------------------------------------------------------
  D-DT-SD BLK BLOCK NAME              NCCE    DRY YR     AREA       DRY PRODN
                                             (kg/hec)    (hec)    (000 tonnes)
  --------------------------------------------------------------------------------------------------------------------------------
  2 09 1  01 BURDWAN -I                  0    79596.31       5         0.398

  2 09 1  03 AUSGRAM-I                   5    80112.86       9         0.721

  2 09 1  05 BHATAR                     10    77184.47      14         1.081

  2 09 2  07 MEMARI-I                    0    62759.98      19         1.192

  2 09 3  13 KATWA-I                     5    62181.45     163        10.136

  2 09 3  14 KATWA-II                    5    64630.53      50         3.232

  2 09 3  15 KETUGRAM-I                  8    91473.60      76         6.952

  2 09 3  16 KETUGRAM-II                 5    61214.40    1178        72.111

  2 09 3  17 MANGALKOT                  15    97153.98      52         5.052

  2 09 4  22 MONTESWAR                   0    62759.98       9         0.565

  2 09 5  25 DURGAPUR-FARIDPUR           6   123250.39       0         0.000

  2 09 5  27 KANKSA                      3    62804.46       2         0.126

  2 09 6  31 JAMURIA                     2    62789.89       0         0.000


  --------------------------------------------------------------------------------------------------------------------------------
    09    BARDDHAMAN                    64    64403.38    1577       101.564
  --------------------------------------------------------------------------------------------------------------------------------