          CROP: MUSUR    (09)                                                   PAGE NO:    10

                              BLOCK WISE YIELD RATE,AREA AND PRODUCTION OF  RABI   CROPS, 2013-14
  --------------------------------------------------------------------------------------------------------------------------------
  D-DT-SD BLK BLOCK NAME              NCCE    DRY YR     AREA       DRY PRODN
                                             (kg/hec)    (hec)    (000 tonnes)
  --------------------------------------------------------------------------------------------------------------------------------
  2 09 1  01 BURDWAN -I                  9      792.78       1         0.001

  2 09 1  02 BURDWAN-II                  5      704.55      30         0.021

  2 09 1  03 AUSGRAM-I                   8      466.31      53         0.025

  2 09 1  04 AUSGRAM-II                 13      823.84      27         0.022

  2 09 1  05 BHATAR                     17      738.62      10         0.007

  2 09 1  06 GALSI-II                    5      642.78       8         0.005

  2 09 2  08 MEMARI-II                   5      633.46       6         0.004

  2 09 2  10 RAINA-I                    17     1061.35     410         0.435

  2 09 2  11 RAINA-II                   16     1079.45     460         0.497

  2 09 2  12 KHANDAGHOSH                16     1001.23     430         0.431

  2 09 3  13 KATWA-I                    11      745.15      20         0.015

  2 09 3  14 KATWA-II                   14      606.25      32         0.019

  2 09 3  15 KETUGRAM-I                  7      692.72       9         0.006

  2 09 3  16 KETUGRAM-II                14      611.45      23         0.014

  2 09 3  17 MANGALKOT                  18      753.67      10         0.008

  2 09 4  18 KALNA-I                     1      482.05      12         0.006

  2 09 4  19 KALNA-II                    4      516.51       2         0.001

  2 09 4  20 PURBASTHALI-I              17      508.96      55         0.028

  2 09 4  21 PURBASTHALI-II             16      604.22      37         0.022

  2 09 5  23 GALSI-I                    10      808.75       7         0.006

  2 09 5  24 ANDAL                       8      360.65      20         0.007

  2 09 5  25 DURGAPUR-FARIDPUR          14      896.91      30         0.027

  2 09 5  26 PANDABESWAR                 4      568.49       8         0.005

  2 09 5  27 KANKSA                     10      469.08      30         0.014
          CROP: MUSUR    (09)                                                   PAGE NO:    11

                              BLOCK WISE YIELD RATE,AREA AND PRODUCTION OF  RABI   CROPS, 2013-14
  --------------------------------------------------------------------------------------------------------------------------------
  D-DT-SD BLK BLOCK NAME              NCCE    DRY YR     AREA       DRY PRODN
                                             (kg/hec)    (hec)    (000 tonnes)
  --------------------------------------------------------------------------------------------------------------------------------
  2 09 6  28 SALANPUR                    2      419.67       6         0.003

  2 09 6  29 BARABANI                    8      340.61      20         0.007

  2 09 6  30 RANIGANJ                    9      430.64      25         0.011

  2 09 6  31 JAMURIA                    15      484.50      15         0.007


  --------------------------------------------------------------------------------------------------------------------------------
    09    BARDDHAMAN                   293      920.11    1796         1.653
  --------------------------------------------------------------------------------------------------------------------------------