          CROP: GRAM     (08)                                                   PAGE NO:     7

                              BLOCK WISE YIELD RATE,AREA AND PRODUCTION OF  RABI   CROPS, 2013-14
  --------------------------------------------------------------------------------------------------------------------------------
  D-DT-SD BLK BLOCK NAME              NCCE    DRY YR     AREA       DRY PRODN
                                             (kg/hec)    (hec)    (000 tonnes)
  --------------------------------------------------------------------------------------------------------------------------------
  2 09 1  03 AUSGRAM-I                   0     1212.71      11         0.013

  2 09 2  10 RAINA-I                     4     1031.05       4         0.004

  2 09 2  11 RAINA-II                    2     1218.50       3         0.004

  2 09 3  13 KATWA-I                     2     1276.07       0         0.000

  2 09 3  14 KATWA-II                    0     1315.49       3         0.004

  2 09 3  15 KETUGRAM-I                  4     1123.38       4         0.004

  2 09 3  16 KETUGRAM-II                 2     1350.43      83         0.112

  2 09 3  17 MANGALKOT                  10      839.99      12         0.010

  2 09 4  19 KALNA-II                    2      727.38       3         0.002

  2 09 4  21 PURBASTHALI-II              0     1212.71      10         0.012

  2 09 5  24 ANDAL                       8      752.19       9         0.007

  2 09 5  26 PANDABESWAR                 1      744.74       2         0.001

  2 09 5  27 KANKSA                      6      607.72       4         0.002

  2 09 6  29 BARABANI                    3     1248.02       2         0.002


  --------------------------------------------------------------------------------------------------------------------------------
    09    BARDDHAMAN                    44     1194.80     150         0.179
  --------------------------------------------------------------------------------------------------------------------------------