          CROP: WHEAT    (06)                                                   PAGE NO:    10

                              BLOCK WISE YIELD RATE,AREA AND PRODUCTION OF  RABI   CROPS, 2013-14
  --------------------------------------------------------------------------------------------------------------------------------
  D-DT-SD BLK BLOCK NAME              NCCE    DRY YR     AREA       DRY PRODN
                                             (kg/hec)    (hec)    (000 tonnes)
  --------------------------------------------------------------------------------------------------------------------------------
  2 09 1  03 AUSGRAM-I                  16     2483.49     123         0.305

  2 09 1  04 AUSGRAM-II                 16     2688.38     200         0.538

  2 09 1  05 BHATAR                      6     1840.66      28         0.052

  2 09 2  07 MEMARI-I                    0     2677.78     397         1.063

  2 09 2  10 RAINA-I                     0     2677.78     202         0.541

  2 09 2  11 RAINA-II                    5     2497.29      10         0.025

  2 09 2  12 KHANDAGHOSH                 0     2677.78      45         0.121

  2 09 3  13 KATWA-I                     3     2723.94      10         0.027

  2 09 3  14 KATWA-II                    2     2520.72      60         0.151

  2 09 3  15 KETUGRAM-I                  4     2717.17       1         0.003

  2 09 3  16 KETUGRAM-II                16     2715.67     145         0.394

  2 09 3  17 MANGALKOT                   8     3006.01      21         0.063

  2 09 4  19 KALNA-II                    0     3065.10       1         0.003

  2 09 4  20 PURBASTHALI-I              12     3041.26     220         0.669

  2 09 4  21 PURBASTHALI-II             16     3085.19      45         0.139

  2 09 4  22 MONTESWAR                   0     3065.10       5         0.015

  2 09 5  23 GALSI-I                     3     2625.33       5         0.013

  2 09 5  24 ANDAL                       8     1494.34       5         0.007

  2 09 5  25 DURGAPUR-FARIDPUR          16     3013.03      30         0.090

  2 09 5  26 PANDABESWAR                 5     2806.68      10         0.028

  2 09 5  27 KANKSA                     16     3162.76     120         0.380

  2 09 6  29 BARABANI                   14     2048.36     150         0.307

  2 09 6  31 JAMURIA                    12     2193.26       6         0.013


  --------------------------------------------------------------------------------------------------------------------------------
    09    BARDDHAMAN                   178     2690.35    1839         4.948
  --------------------------------------------------------------------------------------------------------------------------------