          CROP: AMAN     (05)                                                   PAGE NO:    10

                              BLOCK WISE YIELD RATE,AREA AND PRODUCTION OF  WINTER CROPS, 2013-14
  --------------------------------------------------------------------------------------------------------------------------------
  D-DT-SD BLK BLOCK NAME              NCCE    DRY YR     AREA       DRY PRODN   YR CLRICE   PRODN CLRICE
                                             (kg/hec)    (hec)    (000 tonnes)  (kg/hec)    (000 tonnes)
  --------------------------------------------------------------------------------------------------------------------------------
  2 09 1  01 BURDWAN -I                 16     5045.25   37577       189.585     3363.50      126.390

  2 09 1  02 BURDWAN-II                 16     4533.74   13975        63.359     3022.49       42.239

  2 09 1  03 AUSGRAM-I                  16     4199.56    1344         5.644     2799.71        3.763

  2 09 1  04 AUSGRAM-II                 16     4437.55   21982        97.546     2958.37       65.031

  2 09 1  05 BHATAR                     16     5212.84   49157       256.248     3475.23      170.832

  2 09 1  06 GALSI-II                   16     4752.00   22634       107.557     3168.00       71.705

  2 09 2  07 MEMARI-I                   16     3969.38    1263         5.013     2646.25        3.342

  2 09 2  08 MEMARI-II                  16     4726.34   30826       145.694     3150.89       97.129

  2 09 2  09 JAMALPUR                   16     4252.33    1280         5.443     2834.89        3.629

  2 09 2  10 RAINA-I                    16     5040.97   42057       212.008     3360.65      141.339

  2 09 2  11 RAINA-II                   16     4296.70    1357         5.831     2864.47        3.887

  2 09 2  12 KHANDAGHOSH                16     4434.19   21257        94.258     2956.13       62.838

  2 09 3  13 KATWA-I                    16     3977.07    1808         7.191     2651.38        4.794

  2 09 3  14 KATWA-II                   16     4899.87   36605       179.360     3266.58      119.573

  2 09 3  15 KETUGRAM-I                 16     4432.72   15783        69.962     2955.15       46.641

  2 09 3  16 KETUGRAM-II                16     4504.49    8431        37.977     3002.99       25.318

  2 09 3  17 MANGALKOT                  16     4852.49   38442       186.539     3234.99      124.360

  2 09 4  18 KALNA-I                    16     4593.44   11875        54.547     3062.29       36.365

  2 09 4  19 KALNA-II                   16     4615.46   11180        51.601     3076.97       34.401

  2 09 4  20 PURBASTHALI-I              16     4562.71    8741        39.883     3041.81       26.588

  2 09 4  21 PURBASTHALI-II             16     4648.68    8353        38.830     3099.12       25.887

  2 09 4  22 MONTESWAR                  16     4386.63    1142         5.010     2924.42        3.340

  2 09 5  23 GALSI-I                    16     3876.74    1911         7.408     2584.49        4.939

  2 09 5  24 ANDAL                      16     3838.28    1196         4.591     2558.85        3.060          CROP: AMAN     (05)                                                   PAGE NO:    11

                              BLOCK WISE YIELD RATE,AREA AND PRODUCTION OF  WINTER CROPS, 2013-14
  --------------------------------------------------------------------------------------------------------------------------------
  D-DT-SD BLK BLOCK NAME              NCCE    DRY YR     AREA       DRY PRODN   YR CLRICE   PRODN CLRICE
                                             (kg/hec)    (hec)    (000 tonnes)  (kg/hec)    (000 tonnes)
  --------------------------------------------------------------------------------------------------------------------------------
  2 09 5  25 DURGAPUR-FARIDPUR          16     3891.42    1180         4.592     2594.28        3.061

  2 09 5  26 PANDAVESWAR                16     4678.29    2005         9.380     3118.86        6.253

  2 09 5  27 KANKSA                     16     4526.74   10211        46.223     3017.83       30.815

  2 09 6  28 SALANPUR                   16     3171.52    8142        25.823     2114.35       17.215

  2 09 6  29 BARABANI                   16     3862.83    3446        13.311     2575.22        8.874

  2 09 6  30 RANIGANJ                   16     4083.70    1475         6.023     2722.47        4.016

  2 09 6  31 JAMURIA                    16     4107.50    1981         8.137     2738.33        5.425


  --------------------------------------------------------------------------------------------------------------------------------
    09    BARDDHAMAN                   496     4740.80  418616      1984.573     3160.53     1323.049
  --------------------------------------------------------------------------------------------------------------------------------