          CROP: BORO     (17)                                                   PAGE NO:    10

                              BLOCK WISE YIELD RATE,AREA AND PRODUCTION OF  SUMMER CROPS, 2013-14
  --------------------------------------------------------------------------------------------------------------------------------
  D-DT-SD BLK BLOCK NAME              NCCE    DRY YR     AREA       DRY PRODN   YR CLRICE   PRODN CLRICE
                                             (kg/hec)    (hec)    (000 tonnes)  (kg/hec)    (000 tonnes)
  --------------------------------------------------------------------------------------------------------------------------------
  2 09 1  01 BURDWAN -I                 18     5645.34    8040        45.389     3763.56       30.259

  2 09 1  02 BURDWAN-II                 19     5509.25    5290        29.144     3672.83       19.429

  2 09 1  03 AUSGRAM-I                  18     6013.21    1403         8.437     4008.81        5.624

  2 09 1  04 AUSGRAM-II                 16     4946.20    1462         7.231     3297.47        4.821

  2 09 1  05 BHATAR                     18     5630.85   21888       123.248     3753.90       82.165

  2 09 1  06 GALSI-II                   16     4975.11    8705        43.308     3316.74       28.872

  2 09 2  07 MEMARI-I                   18     5559.78    3576        19.882     3706.52       13.255

  2 09 2  08 MEMARI-II                  18     6685.85    7464        49.903     4457.23       33.269

  2 09 2  09 JAMALPUR                   19     5092.35    2796        14.238     3394.90        9.492

  2 09 2  10 RAINA-I                    19     6103.32    3600        21.972     4068.88       14.648

  2 09 2  11 RAINA-II                   18     6159.20    4266        26.275     4106.13       17.517

  2 09 2  12 KHANDAGHOSH                18     4131.56    8386        34.647     2754.37       23.098

  2 09 3  13 KATWA-I                    17     7285.13    7519        54.777     4856.75       36.518

  2 09 3  14 KATWA-II                   17     5887.97    5981        35.216     3925.31       23.477

  2 09 3  15 KETUGRAM-I                 16     5543.65    6326        35.069     3695.77       23.379

  2 09 3  16 KETUGRAM-II                17     6167.75    7696        47.467     4111.83       31.645

  2 09 3  17 MANGALKOT                  17     6422.28   16710       107.316     4281.52       71.544

  2 09 4  18 KALNA-I                    17     5899.60    5285        31.179     3933.07       20.786

  2 09 4  19 KALNA-II                   16     5357.57    4362        23.370     3571.71       15.580

  2 09 4  20 PURBASTHALI-I              17     5253.37    7159        37.609     3502.25       25.073

  2 09 4  21 PURBASTHALI-II             18     5144.88    4507        23.188     3429.92       15.459

  2 09 4  22 MONTESWAR                  16     5827.05   23572       137.355     3884.70       91.570

  2 09 5  23 GALSI-I                    18     4514.55    9982        45.064     3009.70       30.043

  2 09 5  25 DURGAPUR-FARIDPUR          14     4680.47       7         0.033     3120.31        0.022
          CROP: BORO     (17)                                                   PAGE NO:    11

                              BLOCK WISE YIELD RATE,AREA AND PRODUCTION OF  SUMMER CROPS, 2013-14
  --------------------------------------------------------------------------------------------------------------------------------
  D-DT-SD BLK BLOCK NAME              NCCE    DRY YR     AREA       DRY PRODN   YR CLRICE   PRODN CLRICE
                                             (kg/hec)    (hec)    (000 tonnes)  (kg/hec)    (000 tonnes)
  --------------------------------------------------------------------------------------------------------------------------------
  2 09 5  27 KANKSA                     15     5456.48     237         1.293     3637.65        0.862


  --------------------------------------------------------------------------------------------------------------------------------
    09    BARDDHAMAN                   430     5689.57  176219      1002.611     3793.05      668.407
  --------------------------------------------------------------------------------------------------------------------------------