          CROP: AUS      (02)                                                   PAGE NO:     7

                              BLOCK WISE YIELD RATE,AREA AND PRODUCTION OF  BHADUI CROPS, 2013-14
  --------------------------------------------------------------------------------------------------------------------------------
  D-DT-SD BLK BLOCK NAME              NCCE    DRY YR     AREA       DRY PRODN   YR CLRICE   PRODN CLRICE
                                             (kg/hec)    (hec)    (000 tonnes)  (kg/hec)    (000 tonnes)
  --------------------------------------------------------------------------------------------------------------------------------
  1 07 1  01 BERHAMPUR                  18     4337.48    1093         4.741     2891.65        3.161

  1 07 1  02 HARIHARPARA                18     3683.28     751         2.766     2455.52        1.844

  1 07 1  03 NAODA                      17     4355.78    2328        10.140     2903.85        6.760

  1 07 1  04 BELDANGA-I                 16     4214.47     338         1.424     2809.65        0.950

  1 07 1  05 BELDANGA-II                18     4262.81     226         0.963     2841.87        0.642

  1 07 2  06 KHARGRAM                   16     3784.84       0         0.000     2523.23        0.000

  1 07 2  07 KANDI                      16     4670.69    1009         4.713     3113.79        3.142

  1 07 2  08 BHARATPUR-I                16     4431.30       0         0.000     2954.20        0.000

  1 07 2  10 BURWAN                     17     4023.37     507         2.040     2682.25        1.360

  1 07 3  12 FARAKKA                     0     2055.34     138         0.284     1370.23        0.189

  1 07 3  13 SUTI-I                      9     1775.35       0         0.000     1183.57        0.000

  1 07 3  14 SUTI-II                    16     2056.04     826         1.698     1370.69        1.132

  1 07 3  16 RAGHUNATHGANJ-II            0     2055.34     103         0.212     1370.23        0.141

  1 07 4  18 LALGOLA                     0     2810.21     649         1.824     1873.47        1.216

  1 07 4  19 BHAGAWANGOLA-I             17     3251.60      66         0.215     2167.73        0.143

  1 07 4  20 BHAGAWANGOLA-II            16     2519.20     417         1.051     1679.47        0.700

  1 07 4  21 NABAGRAM                   11     3073.22     316         0.971     2048.81        0.647

  1 07 4  22 MSD.-JIAGANJ                0     2810.21      75         0.211     1873.47        0.141

  1 07 5  23 DOMKAL                     17     4018.73       0         0.000     2679.15        0.000

  1 07 5  24 JALANGI                    18     4352.49     667         2.903     2901.66        1.935

  1 07 5  25 RANINAGAR-I                16     3819.52    1064         4.064     2546.35        2.709

  1 07 5  26 RANINAGAR-II               18     4635.86    1044         4.840     3090.57        3.227


  --------------------------------------------------------------------------------------------------------------------------------
    07    MURSHIDABAD                  290     3878.72   11617        45.059     2585.81       30.039
  --------------------------------------------------------------------------------------------------------------------------------