          CROP: SUGARCANE(16)                                                   PAGE NO:     6

                              BLOCK WISE YIELD RATE,AREA AND PRODUCTION OF  RABI   CROPS, 2013-14
  --------------------------------------------------------------------------------------------------------------------------------
  D-DT-SD BLK BLOCK NAME              NCCE    DRY YR     AREA       DRY PRODN
                                             (kg/hec)    (hec)    (000 tonnes)
  --------------------------------------------------------------------------------------------------------------------------------
  1 07 1  01 BERHAMPUR                  10    79452.45       1         0.079

  1 07 1  02 HARIHARPARA                 2    67813.91       1         0.068

  1 07 1  05 BELDANGA-II                18    67541.80    2370       160.074

  1 07 2  06 KHARGRAM                   10    80757.46      60         4.845

  1 07 2  07 KANDI                       9    78988.91      54         4.265

  1 07 2  08 BHARATPUR-I                11    81488.22     148        12.060

  1 07 2  09 BHARATPUR-II               13    72021.66      19         1.368

  1 07 2  10 BURWAN                      9    77324.35     106         8.196

  1 07 3  11 SAMSERGANJ                 10   102045.59     245        25.001

  1 07 3  12 FARAKKA                     8    64559.93     400        25.824

  1 07 3  13 SUTI-I                      4    71542.14      19         1.359

  1 07 3  16 RAGHUNATHGANJ-II            1    80227.75       2         0.160

  1 07 3  17 SAGARDIGHI                  4    71587.18       0         0.000

  1 07 4  20 BHAGAWANGOLA-II             1    55531.59       0         0.000

  1 07 4  21 NABAGRAM                   12    55842.29      59         3.295

  1 07 5  23 DOMKAL                      5    73056.98      80         5.845

  1 07 5  24 JALANGI                     7    90424.61     173        15.643

  1 07 5  25 RANINAGAR-I                 0    80349.73      44         3.535


  --------------------------------------------------------------------------------------------------------------------------------
    07    MURSHIDABAD                  134    71838.20    3781       271.620
  --------------------------------------------------------------------------------------------------------------------------------