          CROP: MUSUR    (09)                                                   PAGE NO:     7

                              BLOCK WISE YIELD RATE,AREA AND PRODUCTION OF  RABI   CROPS, 2013-14
  --------------------------------------------------------------------------------------------------------------------------------
  D-DT-SD BLK BLOCK NAME              NCCE    DRY YR     AREA       DRY PRODN
                                             (kg/hec)    (hec)    (000 tonnes)
  --------------------------------------------------------------------------------------------------------------------------------
  1 07 1  01 BERHAMPUR                  18      821.60     893         0.734

  1 07 1  02 HARIHARPARA                18      866.58     902         0.782

  1 07 1  03 NAODA                      19      890.09    1320         1.175

  1 07 1  04 BELDANGA-I                 16      753.24     370         0.279

  1 07 1  05 BELDANGA-II                19      745.77      56         0.042

  1 07 2  06 KHARGRAM                   17      742.91      39         0.029

  1 07 2  07 KANDI                      16      929.80     104         0.097

  1 07 2  08 BHARATPUR-I                16     1245.30    1298         1.616

  1 07 2  09 BHARATPUR-II               17      803.76      13         0.010

  1 07 2  10 BURWAN                     17      879.26     321         0.282

  1 07 3  11 SAMSERGANJ                  8      742.51      45         0.033

  1 07 3  12 FARAKKA                    18     1016.96     287         0.292

  1 07 3  13 SUTI-I                     16      323.71     414         0.134

  1 07 3  14 SUTI-II                    16      857.30     690         0.592

  1 07 3  15 RAGHUNATHGANJ-I            17      789.11     156         0.123

  1 07 3  16 RAGHUNATHGANJ-II           17      673.04     180         0.121

  1 07 3  17 SAGARDIGHI                 17      620.51     270         0.168

  1 07 4  18 LALGOLA                    16      829.92     189         0.157

  1 07 4  19 BHAGAWANGOLA-I             17      531.77     255         0.136

  1 07 4  20 BHAGAWANGOLA-II            17      736.12     167         0.123

  1 07 4  21 NABAGRAM                   18      628.48      42         0.026

  1 07 4  22 MSD.-JIAGANJ               16      432.62     624         0.270

  1 07 5  23 DOMKAL                     18     1385.01    2613         3.619

  1 07 5  24 JALANGI                    16     1392.74    2062         2.872
          CROP: MUSUR    (09)                                                   PAGE NO:     8

                              BLOCK WISE YIELD RATE,AREA AND PRODUCTION OF  RABI   CROPS, 2013-14
  --------------------------------------------------------------------------------------------------------------------------------
  D-DT-SD BLK BLOCK NAME              NCCE    DRY YR     AREA       DRY PRODN
                                             (kg/hec)    (hec)    (000 tonnes)
  --------------------------------------------------------------------------------------------------------------------------------
  1 07 5  25 RANINAGAR-I                18     1160.37    1631         1.893

  1 07 5  26 RANINAGAR-II               18      813.57     735         0.598


  --------------------------------------------------------------------------------------------------------------------------------
    07    MURSHIDABAD                  436     1033.51   15676        16.201
  --------------------------------------------------------------------------------------------------------------------------------