          CROP: MUSTARD  (15)                                                   PAGE NO:     7

                              BLOCK WISE YIELD RATE,AREA AND PRODUCTION OF  RABI   CROPS, 2013-14
  --------------------------------------------------------------------------------------------------------------------------------
  D-DT-SD BLK BLOCK NAME              NCCE    DRY YR     AREA       DRY PRODN
                                             (kg/hec)    (hec)    (000 tonnes)
  --------------------------------------------------------------------------------------------------------------------------------
  1 07 1  01 BERHAMPUR                  18      923.85    7986         7.378

  1 07 1  02 HARIHARPARA                18     1000.12    4778         4.779

  1 07 1  03 NAODA                      19      828.27     708         0.586

  1 07 1  04 BELDANGA-I                 17     1202.76    9330        11.222

  1 07 1  05 BELDANGA-II                18     1121.13    4728         5.301

  1 07 2  06 KHARGRAM                   18      940.54    3797         3.571

  1 07 2  07 KANDI                      16     1054.58    2296         2.421

  1 07 2  08 BHARATPUR-I                17      862.24     853         0.735

  1 07 2  09 BHARATPUR-II               16      755.92     126         0.095

  1 07 2  10 BURWAN                     19      983.44    1559         1.533

  1 07 3  11 SAMSERGANJ                 17      552.78     389         0.215

  1 07 3  12 FARAKKA                    18      929.15     887         0.824

  1 07 3  13 SUTI-I                     16     1039.91    2355         2.449

  1 07 3  14 SUTI-II                    17      892.95    1219         1.089

  1 07 3  15 RAGHUNATHGANJ-I            18      606.89     194         0.118

  1 07 3  16 RAGHUNATHGANJ-II           19      990.85     567         0.562

  1 07 3  17 SAGARDIGHI                 19     1041.83    6476         6.747

  1 07 4  18 LALGOLA                    17     1150.57    5350         6.156

  1 07 4  19 BHAGAWANGOLA-I             17     1173.08    3639         4.269

  1 07 4  20 BHAGAWANGOLA-II            20     1133.97    3992         4.527

  1 07 4  21 NABAGRAM                   18      758.52     214         0.162

  1 07 4  22 MSD.-JIAGANJ               16     1020.19    3667         3.741

  1 07 5  23 DOMKAL                     18      901.27     238         0.215

  1 07 5  24 JALANGI                    19     1030.98    2049         2.112
          CROP: MUSTARD  (15)                                                   PAGE NO:     8

                              BLOCK WISE YIELD RATE,AREA AND PRODUCTION OF  RABI   CROPS, 2013-14
  --------------------------------------------------------------------------------------------------------------------------------
  D-DT-SD BLK BLOCK NAME              NCCE    DRY YR     AREA       DRY PRODN
                                             (kg/hec)    (hec)    (000 tonnes)
  --------------------------------------------------------------------------------------------------------------------------------
  1 07 5  25 RANINAGAR-I                18     1302.04    9959        12.967

  1 07 5  26 RANINAGAR-II               19     1233.03    9823        12.112


  --------------------------------------------------------------------------------------------------------------------------------
    07    MURSHIDABAD                  462     1099.87   87179        95.886
  --------------------------------------------------------------------------------------------------------------------------------