          CROP: KHESARI  (12)                                                   PAGE NO:     7

                              BLOCK WISE YIELD RATE,AREA AND PRODUCTION OF  RABI   CROPS, 2013-14
  --------------------------------------------------------------------------------------------------------------------------------
  D-DT-SD BLK BLOCK NAME              NCCE    DRY YR     AREA       DRY PRODN
                                             (kg/hec)    (hec)    (000 tonnes)
  --------------------------------------------------------------------------------------------------------------------------------
  1 07 1  01 BERHAMPUR                   8      911.89     117         0.107

  1 07 1  02 HARIHARPARA                18     1079.45     246         0.266

  1 07 1  03 NAODA                      17      761.00     816         0.621

  1 07 1  04 BELDANGA-I                  7      363.06      20         0.007

  1 07 1  05 BELDANGA-II                 8      591.48      73         0.043

  1 07 2  07 KANDI                       4     1229.06    1032         1.268

  1 07 2  08 BHARATPUR-I                11      665.45      13         0.009

  1 07 2  09 BHARATPUR-II                7      386.78       1         0.000

  1 07 2  10 BURWAN                      0     1225.34     867         1.062

  1 07 3  11 SAMSERGANJ                  0     1259.66     225         0.283

  1 07 3  12 FARAKKA                    16     1128.56    1591         1.796

  1 07 3  13 SUTI-I                     16      424.68      47         0.020

  1 07 3  14 SUTI-II                     4     1301.14    1449         1.885

  1 07 3  15 RAGHUNATHGANJ-I             0     1259.66      19         0.024

  1 07 3  16 RAGHUNATHGANJ-II           13      328.08      32         0.010

  1 07 3  17 SAGARDIGHI                 16      444.35      10         0.004

  1 07 4  18 LALGOLA                     8      292.68      31         0.009

  1 07 4  19 BHAGAWANGOLA-I             12     1260.31    1012         1.275

  1 07 4  20 BHAGAWANGOLA-II            12      702.75      19         0.013

  1 07 4  21 NABAGRAM                    8      573.50      30         0.017

  1 07 4  22 MSD.-JIAGANJ                0     1312.21     488         0.640

  1 07 5  23 DOMKAL                      5      941.97     371         0.349

  1 07 5  24 JALANGI                     6     1037.96     115         0.119

  1 07 5  25 RANINAGAR-I                 0      946.09      10         0.009
          CROP: KHESARI  (12)                                                   PAGE NO:     8

                              BLOCK WISE YIELD RATE,AREA AND PRODUCTION OF  RABI   CROPS, 2013-14
  --------------------------------------------------------------------------------------------------------------------------------
  D-DT-SD BLK BLOCK NAME              NCCE    DRY YR     AREA       DRY PRODN
                                             (kg/hec)    (hec)    (000 tonnes)
  --------------------------------------------------------------------------------------------------------------------------------
  1 07 5  26 RANINAGAR-II                0      946.09     523         0.495


  --------------------------------------------------------------------------------------------------------------------------------
    07    MURSHIDABAD                  196     1128.66    9157        10.335
  --------------------------------------------------------------------------------------------------------------------------------