          CROP: JUTE     (01)                                                   PAGE NO:     7

                              BLOCK WISE YIELD RATE,AREA AND PRODUCTION OF  BHADUI CROPS, 2013-14
  --------------------------------------------------------------------------------------------------------------------------------
  D-DT-SD BLK BLOCK NAME              NCCE    DRY YR     AREA       DRY PRODN
                                              (bales/hec)(hec)    ('000 bales)
  --------------------------------------------------------------------------------------------------------------------------------
  1 07 1  01 BERHAMPUR                  18       16.70   13631       227.638

  1 07 1  02 HARIHARPARA                18       14.34   14892       213.551

  1 07 1  03 NAODA                      19       15.73   16105       253.332

  1 07 1  04 BELDANGA-I                 18       14.71    6372        93.732

  1 07 1  05 BELDANGA-II                18       14.29    8855       126.538

  1 07 2  06 KHARGRAM                    0       10.36       4         0.041

  1 07 2  07 KANDI                      16       10.07     353         3.555

  1 07 2  08 BHARATPUR-I                 5       19.35       0         0.000

  1 07 2  09 BHARATPUR-II                0       10.36     207         2.145

  1 07 2  10 BURWAN                     10       13.49      33         0.445

  1 07 3  11 SAMSERGANJ                 18       16.35    1584        25.898

  1 07 3  12 FARAKKA                    18       15.58    2041        31.799

  1 07 3  13 SUTI-I                     16       18.73     871        16.314

  1 07 3  14 SUTI-II                    17       18.82    3476        65.418

  1 07 3  15 RAGHUNATHGANJ-I            19       11.91    1582        18.842

  1 07 3  16 RAGHUNATHGANJ-II           17       16.01    2002        32.052

  1 07 3  17 SAGARDIGHI                 19       16.75    1021        17.102

  1 07 4  18 LALGOLA                    17       13.57    9881       134.085

  1 07 4  19 BHAGAWANGOLA-I             16       15.72    6101        95.908

  1 07 4  20 BHAGAWANGOLA-II            17       16.33    5554        90.697

  1 07 4  21 NABAGRAM                   16       16.56     941        15.583

  1 07 4  22 MSD.-JIAGANJ               16       11.41    7991        91.177

  1 07 5  23 DOMKAL                     19       15.27   20548       313.768

  1 07 5  24 JALANGI                    18       14.70   12308       180.928          CROP: JUTE     (01)                                                   PAGE NO:     8

                              BLOCK WISE YIELD RATE,AREA AND PRODUCTION OF  BHADUI CROPS, 2013-14
  --------------------------------------------------------------------------------------------------------------------------------
  D-DT-SD BLK BLOCK NAME              NCCE    DRY YR     AREA       DRY PRODN
                                              (bales/hec)(hec)    ('000 bales)
  --------------------------------------------------------------------------------------------------------------------------------
  1 07 5  25 RANINAGAR-I                16       13.44    8915       119.818

  1 07 5  26 RANINAGAR-II               18       12.44    9315       115.879


  --------------------------------------------------------------------------------------------------------------------------------
    07    MURSHIDABAD                  399       14.79  154583      2286.243
  --------------------------------------------------------------------------------------------------------------------------------