          CROP: BORO     (17)                                                   PAGE NO:     7

                              BLOCK WISE YIELD RATE,AREA AND PRODUCTION OF  SUMMER CROPS, 2013-14
  --------------------------------------------------------------------------------------------------------------------------------
  D-DT-SD BLK BLOCK NAME              NCCE    DRY YR     AREA       DRY PRODN   YR CLRICE   PRODN CLRICE
                                             (kg/hec)    (hec)    (000 tonnes)  (kg/hec)    (000 tonnes)
  --------------------------------------------------------------------------------------------------------------------------------
  1 07 1  01 BERHAMPUR                  17     5752.09   11293        64.958     3834.73       43.306

  1 07 1  02 HARIHARPARA                18     5249.26    3712        19.485     3499.51       12.990

  1 07 1  03 NAODA                      18     5248.93     542         2.845     3499.29        1.897

  1 07 1  04 BELDANGA-I                 16     5394.05    3728        20.109     3596.03       13.406

  1 07 1  05 BELDANGA-II                18     5039.11    6264        31.565     3359.41       21.043

  1 07 2  06 KHARGRAM                   17     5369.98   14290        76.737     3579.99       51.158

  1 07 2  07 KANDI                      16     5601.82    9988        55.951     3734.55       37.301

  1 07 2  08 BHARATPUR-I                17     5657.88    6249        35.356     3771.92       23.571

  1 07 2  09 BHARATPUR-II               17     4442.41    7354        32.669     2961.61       21.780

  1 07 2  10 BURWAN                     18     5174.71   10346        53.538     3449.81       35.692

  1 07 3  12 FARAKKA                    18     4305.30      68         0.293     2870.20        0.195

  1 07 3  13 SUTI-I                     17     4027.88     368         1.482     2685.25        0.988

  1 07 3  14 SUTI-II                     2     4925.71       6         0.030     3283.81        0.020

  1 07 3  15 RAGHUNATHGANJ-I            18     3992.48    3456        13.798     2661.65        9.199

  1 07 3  16 RAGHUNATHGANJ-II           16     5057.28     114         0.577     3371.52        0.384

  1 07 3  17 SAGARDIGHI                 18     5324.36   10278        54.724     3549.57       36.483

  1 07 4  18 LALGOLA                    16     5253.77     751         3.946     3502.51        2.630

  1 07 4  19 BHAGAWANGOLA-I             18     5044.82     789         3.980     3363.21        2.654

  1 07 4  20 BHAGAWANGOLA-II            18     4349.37    1726         7.507     2899.58        5.005

  1 07 4  21 NABAGRAM                   16     4126.38   14606        60.270     2750.92       40.180

  1 07 4  22 MSD.-JIAGANJ               19     4817.80    1691         8.147     3211.87        5.431

  1 07 5  23 DOMKAL                     18     4926.28    3029        14.922     3284.19        9.948

  1 07 5  24 JALANGI                    19     5976.02    3569        21.328     3984.01       14.219

  1 07 5  25 RANINAGAR-I                16     6323.21    3289        20.797     4215.47       13.865
          CROP: BORO     (17)                                                   PAGE NO:     8

                              BLOCK WISE YIELD RATE,AREA AND PRODUCTION OF  SUMMER CROPS, 2013-14
  --------------------------------------------------------------------------------------------------------------------------------
  D-DT-SD BLK BLOCK NAME              NCCE    DRY YR     AREA       DRY PRODN   YR CLRICE   PRODN CLRICE
                                             (kg/hec)    (hec)    (000 tonnes)  (kg/hec)    (000 tonnes)
  --------------------------------------------------------------------------------------------------------------------------------
  1 07 5  26 RANINAGAR-II               18     5664.45    2263        12.819     3776.30        8.546


  --------------------------------------------------------------------------------------------------------------------------------
    07    MURSHIDABAD                  419     5158.53  119769       617.832     3439.02      411.888
  --------------------------------------------------------------------------------------------------------------------------------