          CROP: WHEAT    (06)                                                   PAGE NO:     7

                              BLOCK WISE YIELD RATE,AREA AND PRODUCTION OF  RABI   CROPS, 2013-14
  --------------------------------------------------------------------------------------------------------------------------------
  D-DT-SD BLK BLOCK NAME              NCCE    DRY YR     AREA       DRY PRODN
                                             (kg/hec)    (hec)    (000 tonnes)
  --------------------------------------------------------------------------------------------------------------------------------
  1 07 1  01 BERHAMPUR                  16     2657.81    8478        22.533

  1 07 1  02 HARIHARPARA                16     3078.30   12982        39.962

  1 07 1  03 NAODA                      16     2691.97    7007        18.863

  1 07 1  04 BELDANGA-I                 16     2825.60    3645        10.299

  1 07 1  05 BELDANGA-II                16     2846.30    6125        17.434

  1 07 2  06 KHARGRAM                   16     1955.26      64         0.125

  1 07 2  07 KANDI                      16     2896.72     210         0.608

  1 07 2  08 BHARATPUR-I                16     2728.20     354         0.966

  1 07 2  09 BHARATPUR-II               10     2521.70      57         0.144

  1 07 2  10 BURWAN                     16     2600.50     890         2.314

  1 07 3  11 SAMSERGANJ                 16     1994.77     111         0.221

  1 07 3  12 FARAKKA                    16     2597.02     763         1.982

  1 07 3  13 SUTI-I                     16     2141.14      57         0.122

  1 07 3  14 SUTI-II                    16     2559.60    2742         7.018

  1 07 3  15 RAGHUNATHGANJ-I            16     2518.43    3703         9.326

  1 07 3  16 RAGHUNATHGANJ-II           16     2875.44    1000         2.875

  1 07 3  17 SAGARDIGHI                 16     2991.91    7927        23.717

  1 07 4  18 LALGOLA                    16     2631.33    3751         9.870

  1 07 4  19 BHAGAWANGOLA-I             16     2143.24     421         0.902

  1 07 4  20 BHAGAWANGOLA-II            16     2192.39     147         0.322

  1 07 4  21 NABAGRAM                   16     2107.45     133         0.280

  1 07 4  22 MSD.-JIAGANJ               16     2240.94    3985         8.930

  1 07 5  23 DOMKAL                     16     2809.92   14146        39.749

  1 07 5  24 JALANGI                    16     2954.29    7834        23.144
          CROP: WHEAT    (06)                                                   PAGE NO:     8

                              BLOCK WISE YIELD RATE,AREA AND PRODUCTION OF  RABI   CROPS, 2013-14
  --------------------------------------------------------------------------------------------------------------------------------
  D-DT-SD BLK BLOCK NAME              NCCE    DRY YR     AREA       DRY PRODN
                                             (kg/hec)    (hec)    (000 tonnes)
  --------------------------------------------------------------------------------------------------------------------------------
  1 07 5  25 RANINAGAR-I                16     2928.12    9078        26.581

  1 07 5  26 RANINAGAR-II               16     2302.33    8706        20.044


  --------------------------------------------------------------------------------------------------------------------------------
    07    MURSHIDABAD                  410     2764.04  104316       288.334
  --------------------------------------------------------------------------------------------------------------------------------