          CROP: AMAN     (05)                                                   PAGE NO:     7

                              BLOCK WISE YIELD RATE,AREA AND PRODUCTION OF  WINTER CROPS, 2013-14
  --------------------------------------------------------------------------------------------------------------------------------
  D-DT-SD BLK BLOCK NAME              NCCE    DRY YR     AREA       DRY PRODN   YR CLRICE   PRODN CLRICE
                                             (kg/hec)    (hec)    (000 tonnes)  (kg/hec)    (000 tonnes)
  --------------------------------------------------------------------------------------------------------------------------------
  1 07 1  01 BERHAMPUR                  16     4470.43   11654        52.098     2980.29       34.732

  1 07 1  02 HARIHARPARA                16     4198.25    6200        26.029     2798.83       17.353

  1 07 1  03 NAODA                      16     4351.02     148         0.644     2900.68        0.429

  1 07 1  04 BELDANGA-I                 16     4501.06    7934        35.711     3000.71       23.808

  1 07 1  05 BELDANGA-II                16     4606.11   28093       129.399     3070.74       86.266

  1 07 2  06 KHARGRAM                   16     4344.05   25198       109.461     2896.03       72.974

  1 07 2  07 KANDI                      16     4866.29   30701       149.400     3244.19       99.600

  1 07 2  08 BHARATPUR-I                16     4794.42   30229       144.931     3196.28       96.620

  1 07 2  09 BHARATPUR-II               16     4386.25   13265        58.184     2924.17       38.789

  1 07 2  10 BURWAN                     16     4169.70    1878         7.831     2779.80        5.220

  1 07 3  11 SAMSERGANJ                 16     2468.21     210         0.518     1645.47        0.346

  1 07 3  12 FARAKKA                    16     3047.81     851         2.594     2031.87        1.729

  1 07 3  13 SUTI-I                     16     4217.99     748         3.155     2811.99        2.103

  1 07 3  14 SUTI-II                    16     3803.38     617         2.347     2535.59        1.564

  1 07 3  15 RAGHUNATHGANJ-I            16     4247.87    1120         4.758     2831.91        3.172

  1 07 3  16 RAGHUNATHGANJ-II           16     4638.48   10177        47.206     3092.32       31.471

  1 07 3  17 SAGARDIGHI                 16     4961.69   35781       177.534     3307.79      118.356

  1 07 4  18 LALGOLA                    16     4080.82    2594        10.586     2720.55        7.057

  1 07 4  19 BHAGAWANGOLA-I             16     3222.82     932         3.004     2148.55        2.002

  1 07 4  20 BHAGAWANGOLA-II            16     3484.12     473         1.648     2322.75        1.099

  1 07 4  21 NABAGRAM                   16     3760.55    1180         4.437     2507.03        2.958

  1 07 4  22 MSD.-JIAGANJ               16     3279.34     307         1.007     2186.23        0.671

  1 07 5  23 DOMKAL                     16     3484.48    1081         3.767     2322.99        2.511

  1 07 5  24 JALANGI                    16     4457.64    3954        17.626     2971.76       11.750          CROP: AMAN     (05)                                                   PAGE NO:     8

                              BLOCK WISE YIELD RATE,AREA AND PRODUCTION OF  WINTER CROPS, 2013-14
  --------------------------------------------------------------------------------------------------------------------------------
  D-DT-SD BLK BLOCK NAME              NCCE    DRY YR     AREA       DRY PRODN   YR CLRICE   PRODN CLRICE
                                             (kg/hec)    (hec)    (000 tonnes)  (kg/hec)    (000 tonnes)
  --------------------------------------------------------------------------------------------------------------------------------
  1 07 5  25 RANINAGAR-I                16     4578.43    2654        12.151     3052.29        8.101

  1 07 5  26 RANINAGAR-II               16     4486.13    1367         6.133     2990.75        4.088


  --------------------------------------------------------------------------------------------------------------------------------
    07    MURSHIDABAD                  416     4614.43  219346      1012.157     3076.29      674.772
  --------------------------------------------------------------------------------------------------------------------------------