          CROP: TIL      (18)                                                   PAGE NO:     7

                              BLOCK WISE YIELD RATE,AREA AND PRODUCTION OF  SUMMER CROPS, 2013-14
  --------------------------------------------------------------------------------------------------------------------------------
  D-DT-SD BLK BLOCK NAME              NCCE    DRY YR     AREA       DRY PRODN
                                             (kg/hec)    (hec)    (000 tonnes)
  --------------------------------------------------------------------------------------------------------------------------------
  1 07 1  01 BERHAMPUR                  18     1682.21     897         1.509

  1 07 1  02 HARIHARPARA                18     1142.10    2237         2.555

  1 07 1  03 NAODA                      19      978.04      11         0.011

  1 07 1  04 BELDANGA-I                 16      946.69     928         0.879

  1 07 1  05 BELDANGA-II                18     1522.46     719         1.095

  1 07 2  06 KHARGRAM                   19      551.75      68         0.038

  1 07 2  07 KANDI                      16      453.90     993         0.451

  1 07 2  08 BHARATPUR-I                17      657.42      72         0.047

  1 07 2  09 BHARATPUR-II               16      663.97      36         0.024

  1 07 2  10 BURWAN                     18      372.58    1181         0.440

  1 07 3  12 FARAKKA                     0      577.59      22         0.013

  1 07 3  13 SUTI-I                      9     1234.89       0         0.000

  1 07 3  14 SUTI-II                     4      577.58       0         0.000

  1 07 3  15 RAGHUNATHGANJ-I            16      832.94      16         0.013

  1 07 3  16 RAGHUNATHGANJ-II           17     1276.08      80         0.102

  1 07 3  17 SAGARDIGHI                 16      357.83     678         0.243

  1 07 4  18 LALGOLA                    17     1648.35     822         1.355

  1 07 4  19 BHAGAWANGOLA-I             17      927.43     883         0.819

  1 07 4  20 BHAGAWANGOLA-II            20      780.93     786         0.614

  1 07 4  21 NABAGRAM                   17     1364.47     175         0.239

  1 07 4  22 MSD.-JIAGANJ               16      577.57    1229         0.710

  1 07 5  23 DOMKAL                     18      789.03    3730         2.943

  1 07 5  24 JALANGI                    18     1013.65    1459         1.479

  1 07 5  25 RANINAGAR-I                16     1281.78     734         0.941
          CROP: TIL      (18)                                                   PAGE NO:     8

                              BLOCK WISE YIELD RATE,AREA AND PRODUCTION OF  SUMMER CROPS, 2013-14
  --------------------------------------------------------------------------------------------------------------------------------
  D-DT-SD BLK BLOCK NAME              NCCE    DRY YR     AREA       DRY PRODN
                                             (kg/hec)    (hec)    (000 tonnes)
  --------------------------------------------------------------------------------------------------------------------------------
  1 07 5  26 RANINAGAR-II               18      816.03     786         0.641


  --------------------------------------------------------------------------------------------------------------------------------
    07    MURSHIDABAD                  394      925.39   18542        17.159
  --------------------------------------------------------------------------------------------------------------------------------