          CROP: GRAM     (08)                                                   PAGE NO:     4

                              BLOCK WISE YIELD RATE,AREA AND PRODUCTION OF  RABI   CROPS, 2013-14
  --------------------------------------------------------------------------------------------------------------------------------
  D-DT-SD BLK BLOCK NAME              NCCE    DRY YR     AREA       DRY PRODN
                                             (kg/hec)    (hec)    (000 tonnes)
  --------------------------------------------------------------------------------------------------------------------------------
  1 07 1  01 BERHAMPUR                  16      674.89     152         0.103

  1 07 1  02 HARIHARPARA                19      868.26     728         0.632

  1 07 1  03 NAODA                      17      694.65     451         0.313

  1 07 1  04 BELDANGA-I                  2      753.20      54         0.041

  1 07 1  05 BELDANGA-II                18      522.48     106         0.055

  1 07 2  06 KHARGRAM                   16      319.14      94         0.030

  1 07 2  07 KANDI                      16      676.81      66         0.045

  1 07 2  08 BHARATPUR-I                16      784.07     235         0.184

  1 07 2  09 BHARATPUR-II               16      657.59       1         0.001

  1 07 2  10 BURWAN                     11      969.17     134         0.130

  1 07 3  11 SAMSERGANJ                 14     1475.71       6         0.009

  1 07 3  12 FARAKKA                    16      977.95     251         0.245

  1 07 3  13 SUTI-I                     16      552.81     215         0.119

  1 07 3  14 SUTI-II                    17     1960.43    1442         2.827

  1 07 3  15 RAGHUNATHGANJ-I            20      374.56      83         0.031

  1 07 3  16 RAGHUNATHGANJ-II            9      339.17      74         0.025

  1 07 3  17 SAGARDIGHI                 16      369.82      38         0.014

  1 07 4  18 LALGOLA                    17      407.29      63         0.026

  1 07 4  19 BHAGAWANGOLA-I             17      598.39     237         0.142

  1 07 4  20 BHAGAWANGOLA-II            18      446.15      16         0.007

  1 07 4  21 NABAGRAM                   19      533.89      71         0.038

  1 07 4  22 MSD.-JIAGANJ               16      465.29      67         0.031

  1 07 5  23 DOMKAL                      9      966.98      10         0.010

  1 07 5  24 JALANGI                    19     1386.80    1110         1.539
          CROP: GRAM     (08)                                                   PAGE NO:     5

                              BLOCK WISE YIELD RATE,AREA AND PRODUCTION OF  RABI   CROPS, 2013-14
  --------------------------------------------------------------------------------------------------------------------------------
  D-DT-SD BLK BLOCK NAME              NCCE    DRY YR     AREA       DRY PRODN
                                             (kg/hec)    (hec)    (000 tonnes)
  --------------------------------------------------------------------------------------------------------------------------------
  1 07 5  25 RANINAGAR-I                 8      926.51      71         0.066

  1 07 5  26 RANINAGAR-II               17      554.07      77         0.043


  --------------------------------------------------------------------------------------------------------------------------------
    07    MURSHIDABAD                  395     1145.76    5852         6.705
  --------------------------------------------------------------------------------------------------------------------------------