          CROP: MASKALAI (10)                                                   PAGE NO:     6

                              BLOCK WISE YIELD RATE,AREA AND PRODUCTION OF  WINTER CROPS, 2014-15
  --------------------------------------------------------------------------------------------------------------------------------
  D-DT-SD BLK BLOCK NAME              NCCE    DRY YR     AREA       DRY PRODN
                                             (kg/hec)    (hec)    (000 tonnes)
  --------------------------------------------------------------------------------------------------------------------------------
  3 06 1  01 CHANCHAL-I                  0      923.99     151         0.140

  3 06 1  02 CHANCHAL-II                 0      923.99     176         0.163

  3 06 1  03 HARISCHANDRAPUR-I           0      923.99     537         0.496

  3 06 1  04 HARISCHANDRAPUR-II         28     1120.60     702         0.787

  3 06 1  05 RATUA-I                    40      951.63     970         0.923

  3 06 1  06 RATUA-II                   32      919.77    1340         1.232

  3 06 1  07 MANIKCHAK                  44      841.86    3019         2.542

  3 06 1  08 GAJOLE                      0      923.99     689         0.637

  3 06 1  09 BAMANGOLA                   0      923.99      16         0.015

  3 06 1  10 OLD MALDA                  20     1191.31     107         0.127

  3 06 1  11 HABIBPUR                   15     1011.23      26         0.026

  3 06 1  12 ENGLISHBAZAR               32      992.24     539         0.535

  3 06 1  13 KALIACHAK-I                 8     1036.06     162         0.168

  3 06 1  14 KALIACHAK-II               10      963.09     209         0.201

  3 06 1  15 KALIACHAK-III              56      915.88    2814         2.577


  --------------------------------------------------------------------------------------------------------------------------------
    06    MALDA                        285      922.45   11457        10.569
  --------------------------------------------------------------------------------------------------------------------------------