          CROP: MUSTARD  (15)                                                   PAGE NO:     6

                              BLOCK WISE YIELD RATE,AREA AND PRODUCTION OF  RABI   CROPS, 2014-15
  --------------------------------------------------------------------------------------------------------------------------------
  D-DT-SD BLK BLOCK NAME              NCCE    DRY YR     AREA       DRY PRODN
                                             (kg/hec)    (hec)    (000 tonnes)
  --------------------------------------------------------------------------------------------------------------------------------
  3 06 1  01 CHANCHAL-I                 20     1304.51    2816         3.674

  3 06 1  02 CHANCHAL-II                20     1062.58    3286         3.492

  3 06 1  03 HARISHCHANDRAPUR-I         19     1575.98    2430         3.830

  3 06 1  04 HARISHCHANDRAPUR-II        19     1202.85    3332         4.008

  3 06 1  05 RATUA-I                    17     1062.39    1136         1.207

  3 06 1  06 RATUA-II                   18     1097.58    2504         2.748

  3 06 1  07 MANIKCHAK                  18     1158.37     296         0.343

  3 06 1  08 GAJOLE                     17     1488.07    5567         8.284

  3 06 1  09 BAMANGOLA                  18      968.25    2679         2.594

  3 06 1  10 OLD MALDA                  20     1373.02    1672         2.296

  3 06 1  11 HABIBPUR                   17      932.32    4156         3.875

  3 06 1  12 ENGLISHBAZAR               20     1098.16     411         0.451

  3 06 1  13 KALIACHAK-I                18     1297.29     381         0.494

  3 06 1  14 KALIACHAK-II               19     1253.91     583         0.731

  3 06 1  15 KALIACHAK-III              16      999.44    3847         3.845


  --------------------------------------------------------------------------------------------------------------------------------
    06    MALDA                        276     1193.03   35096        41.871
  --------------------------------------------------------------------------------------------------------------------------------