          CROP: MAIZE    (03)                                                   PAGE NO:     5

                              BLOCK WISE YIELD RATE,AREA AND PRODUCTION OF  BHADUI CROPS, 2014-15
  --------------------------------------------------------------------------------------------------------------------------------
  D-DT-SD BLK BLOCK NAME              NCCE    DRY YR     AREA       DRY PRODN
                                             (kg/hec)    (hec)    (000 tonnes)
  --------------------------------------------------------------------------------------------------------------------------------
  3 06 1  01 CHANCHAL-I                  0     3707.28      25         0.093

  3 06 1  02 CHANCHAL-II                 0     3707.28      23         0.085

  3 06 1  03 HARISCHANDRAPUR-I           0     3707.28     141         0.523

  3 06 1  04 HARISCHANDRAPUR-II          0     3707.28     905         3.355

  3 06 1  05 RATUA-I                    28     4714.42     488         2.301

  3 06 1  06 RATUA-II                   12     2302.60     849         1.955

  3 06 1  07 MANIKCHAK                  19     3337.65     841         2.807

  3 06 1  08 GAJOLE                      0     3707.28      13         0.048

  3 06 1  09 BAMANGOLA                   0     3707.28       9         0.033

  3 06 1  10 OLD MALDA                   0     3707.28     175         0.649

  3 06 1  11 HABIBPUR                    0     3707.28       7         0.026

  3 06 1  12 ENGLISHBAZAR               20     3819.69     245         0.936

  3 06 1  13 KALIACHAK-I                20     4866.12     118         0.574

  3 06 1  14 KALIACHAK-II               36     5169.64     660         3.412

  3 06 1  15 KALIACHAK-III              19     3504.56     172         0.603


  --------------------------------------------------------------------------------------------------------------------------------
    06    MALDA                        154     3724.97    4671        17.399
  --------------------------------------------------------------------------------------------------------------------------------