          CROP: WHEAT    (06)                                                   PAGE NO:     6

                              BLOCK WISE YIELD RATE,AREA AND PRODUCTION OF  RABI   CROPS, 2014-15
  --------------------------------------------------------------------------------------------------------------------------------
  D-DT-SD BLK BLOCK NAME              NCCE    DRY YR     AREA       DRY PRODN
                                             (kg/hec)    (hec)    (000 tonnes)
  --------------------------------------------------------------------------------------------------------------------------------
  3 06 1  01 CHANCHAL-I                 20     3340.72    3063        10.233

  3 06 1  02 CHANCHAL-II                18     3451.17    5511        19.019

  3 06 1  03 HARISHCHANDRAPUR-I         20     2936.18    2125         6.239

  3 06 1  04 HARISHCHANDRAPUR-II        19     2887.63    1890         5.458

  3 06 1  05 RATUA-I                    19     2317.88    2620         6.073

  3 06 1  06 RATUA-II                   19     2771.37    2606         7.222

  3 06 1  07 MANIKCHAK                  19     2607.50    7495        19.543

  3 06 1  08 GAJOLE                     17     2952.44    6029        17.800

  3 06 1  09 BAMANGOLA                  20     1877.16     545         1.023

  3 06 1  10 OLD MALDA                  20     2984.60     412         1.230

  3 06 1  11 HABIBPUR                   17     2875.64     536         1.541

  3 06 1  12 ENGLISHBAZAR               20     2761.76    1203         3.322

  3 06 1  13 KALIACHAK-I                20     2532.13    2017         5.107

  3 06 1  14 KALIACHAK-II               20     2543.72    1406         3.576

  3 06 1  15 KALIACHAK-III              18     2672.75    6943        18.557


  --------------------------------------------------------------------------------------------------------------------------------
    06    MALDA                        286     2836.53   44401       125.945
  --------------------------------------------------------------------------------------------------------------------------------