          CROP: GRAM     (08)                                                   PAGE NO:     4

                              BLOCK WISE YIELD RATE,AREA AND PRODUCTION OF  RABI   CROPS, 2014-15
  --------------------------------------------------------------------------------------------------------------------------------
  D-DT-SD BLK BLOCK NAME              NCCE    DRY YR     AREA       DRY PRODN
                                             (kg/hec)    (hec)    (000 tonnes)
  --------------------------------------------------------------------------------------------------------------------------------
  3 06 1  01 CHANCHAL-I                  0      942.28      62         0.058

  3 06 1  02 CHANCHAL-II                 0      942.28     101         0.095

  3 06 1  03 HARISHCHANDRAPUR-I          0      942.28      53         0.050

  3 06 1  04 HARISHCHANDRAPUR-II         0      942.28     106         0.100

  3 06 1  05 RATUA-I                     6      837.82     336         0.282

  3 06 1  06 RATUA-II                   19      816.94     244         0.199

  3 06 1  07 MANIKCHAK                  18      714.46      54         0.039

  3 06 1  08 GAJOLE                      2      800.78      39         0.031

  3 06 1  09 BAMANGOLA                   0      942.28      21         0.020

  3 06 1  10 OLD MALDA                   0      942.28      30         0.028

  3 06 1  11 HABIBPUR                    0      942.28      62         0.058

  3 06 1  12 ENGLISHBAZAR               20     1027.68     950         0.976

  3 06 1  13 KALIACHAK-I                 0      942.28     150         0.141

  3 06 1  14 KALIACHAK-II                6      830.71      51         0.042

  3 06 1  15 KALIACHAK-III               0      942.28      98         0.092


  --------------------------------------------------------------------------------------------------------------------------------
    06    MALDA                         71      938.86    2357         2.213
  --------------------------------------------------------------------------------------------------------------------------------