          CROP: MUSUR    (09)                                                   PAGE NO:     6

                              BLOCK WISE YIELD RATE,AREA AND PRODUCTION OF  RABI   CROPS, 2014-15
  --------------------------------------------------------------------------------------------------------------------------------
  D-DT-SD BLK BLOCK NAME              NCCE    DRY YR     AREA       DRY PRODN
                                             (kg/hec)    (hec)    (000 tonnes)
  --------------------------------------------------------------------------------------------------------------------------------
  3 06 1  01 CHANCHAL-I                 20      762.68     242         0.185

  3 06 1  02 CHANCHAL-II                20      828.54     392         0.325

  3 06 1  03 HARISHCHANDRAPUR-I         18      713.69     276         0.197

  3 06 1  04 HARISHCHANDRAPUR-II        17      554.10     507         0.281

  3 06 1  05 RATUA-I                     8      466.95     548         0.256

  3 06 1  06 RATUA-II                   19      777.43     742         0.577

  3 06 1  07 MANIKCHAK                  20      963.24     196         0.189

  3 06 1  08 GAJOLE                      2      697.51      62         0.043

  3 06 1  09 BAMANGOLA                   0      696.83      28         0.020

  3 06 1  10 OLD MALDA                  15     1255.37       5         0.006

  3 06 1  11 HABIBPUR                   16      459.22     112         0.051

  3 06 1  12 ENGLISHBAZAR               20      734.16     390         0.286

  3 06 1  13 KALIACHAK-I                 0      696.83      72         0.050

  3 06 1  14 KALIACHAK-II                9     1077.30      87         0.094

  3 06 1  15 KALIACHAK-III              10      636.51     422         0.269


  --------------------------------------------------------------------------------------------------------------------------------
    06    MALDA                        194      692.99    4081         2.828
  --------------------------------------------------------------------------------------------------------------------------------