          CROP: KHESARI  (12)                                                   PAGE NO:     6

                              BLOCK WISE YIELD RATE,AREA AND PRODUCTION OF  RABI   CROPS, 2014-15
  --------------------------------------------------------------------------------------------------------------------------------
  D-DT-SD BLK BLOCK NAME              NCCE    DRY YR     AREA       DRY PRODN
                                             (kg/hec)    (hec)    (000 tonnes)
  --------------------------------------------------------------------------------------------------------------------------------
  3 06 1  01 CHANCHAL-I                  0     1153.72     279         0.322

  3 06 1  02 CHANCHAL-II                 0     1153.72     252         0.291

  3 06 1  03 HARISHCHANDRAPUR-I          0     1153.72     192         0.222

  3 06 1  04 HARISHCHANDRAPUR-II         0     1153.72     205         0.237

  3 06 1  05 RATUA-I                    12     1090.91     182         0.199

  3 06 1  06 RATUA-II                    3     1169.49     270         0.316

  3 06 1  07 MANIKCHAK                   4     1057.01      85         0.090

  3 06 1  08 GAJOLE                      0     1153.72     254         0.293

  3 06 1  10 OLD MALDA                   0     1153.72      34         0.039

  3 06 1  11 HABIBPUR                    0     1153.72     101         0.117

  3 06 1  12 ENGLISHBAZAR                0     1153.72     132         0.152

  3 06 1  13 KALIACHAK-I                 0     1153.72      21         0.024

  3 06 1  14 KALIACHAK-II               11     1821.32      99         0.180

  3 06 1  15 KALIACHAK-III               4     1094.62     244         0.267


  --------------------------------------------------------------------------------------------------------------------------------
    06    MALDA                         34     1169.16    2350         2.748
  --------------------------------------------------------------------------------------------------------------------------------