          CROP: AUS      (02)                                                   PAGE NO:     6

                              BLOCK WISE YIELD RATE,AREA AND PRODUCTION OF  BHADUI CROPS, 2014-15
  --------------------------------------------------------------------------------------------------------------------------------
  D-DT-SD BLK BLOCK NAME              NCCE    DRY YR     AREA       DRY PRODN   YR CLRICE   PRODN CLRICE
                                             (kg/hec)    (hec)    (000 tonnes)  (kg/hec)    (000 tonnes)
  --------------------------------------------------------------------------------------------------------------------------------
  3 06 1  01 CHANCHAL-I                  0     3459.06       9         0.031     2306.04        0.021

  3 06 1  02 CHANCHAL-II                 0     3459.06      10         0.035     2306.04        0.023

  3 06 1  03 HARISCHANDRAPUR-I          12     5721.44       7         0.040     3814.29        0.027

  3 06 1  04 HARISCHANDRAPUR-II          0     3459.06      33         0.114     2306.04        0.076

  3 06 1  05 RATUA-I                     2     3472.89     120         0.417     2315.26        0.278

  3 06 1  06 RATUA-II                   19     4727.17      48         0.227     3151.45        0.151

  3 06 1  07 MANIKCHAK                   0     3459.06     411         1.422     2306.04        0.948

  3 06 1  08 GAJOLE                      0     3459.06     151         0.522     2306.04        0.348

  3 06 1  09 BAMANGOLA                   0     3459.06      33         0.114     2306.04        0.076

  3 06 1  10 OLD MALDA                  20     3774.93     210         0.793     2516.62        0.528

  3 06 1  11 HABIBPUR                   14     3444.54     180         0.620     2296.36        0.413

  3 06 1  12 ENGLISHBAZAR                4     3388.50     280         0.949     2259.00        0.633

  3 06 1  14 KALIACHAK-II                0     3459.06     323         1.117     2306.04        0.745

  3 06 1  15 KALIACHAK-III               0     3459.06    1122         3.881     2306.04        2.587


  --------------------------------------------------------------------------------------------------------------------------------
    06    MALDA                         71     3500.71    2937        10.282     2333.81        6.854
  --------------------------------------------------------------------------------------------------------------------------------