          CROP: JUTE     (01)                                                   PAGE NO:     6

                              BLOCK WISE YIELD RATE,AREA AND PRODUCTION OF  BHADUI CROPS, 2014-15
  --------------------------------------------------------------------------------------------------------------------------------
  D-DT-SD BLK BLOCK NAME              NCCE    DRY YR     AREA       DRY PRODN
                                              (bales/hec)(hec)    ('000 bales)
  --------------------------------------------------------------------------------------------------------------------------------
  3 06 1  01 CHANCHAL-I                 32       18.91    4034        76.283

  3 06 1  02 CHANCHAL-II                28       18.47    2088        38.565

  3 06 1  03 HARISCHANDRAPUR-I          28       19.54    3263        63.759

  3 06 1  04 HARISCHANDRAPUR-II         36       17.19    1190        20.456

  3 06 1  05 RATUA-I                    38       17.39    2564        44.588

  3 06 1  06 RATUA-II                   32       15.58    2473        38.529

  3 06 1  07 MANIKCHAK                  44       24.35    1558        37.937

  3 06 1  08 GAJOLE                     16       13.38     610         8.162

  3 06 1  09 BAMANGOLA                  18       15.09      85         1.283

  3 06 1  10 OLD MALDA                  16       15.56     205         3.190

  3 06 1  11 HABIBPUR                    6       20.32     355         7.214

  3 06 1  12 ENGLISHBAZAR               20       17.65     269         4.748

  3 06 1  13 KALIACHAK-I                24       11.97     487         5.829

  3 06 1  14 KALIACHAK-II               36       11.79     860        10.139

  3 06 1  15 KALIACHAK-III              56       10.10    2154        21.755


  --------------------------------------------------------------------------------------------------------------------------------
    06    MALDA                        430       17.23   22195       382.438
  --------------------------------------------------------------------------------------------------------------------------------