          CROP: AMAN     (05)                                                   PAGE NO:     6

                              BLOCK WISE YIELD RATE,AREA AND PRODUCTION OF  WINTER CROPS, 2014-15
  --------------------------------------------------------------------------------------------------------------------------------
  D-DT-SD BLK BLOCK NAME              NCCE    DRY YR     AREA       DRY PRODN   YR CLRICE   PRODN CLRICE
                                             (kg/hec)    (hec)    (000 tonnes)  (kg/hec)    (000 tonnes)
  --------------------------------------------------------------------------------------------------------------------------------
  3 06 1  01 CHANCHAL-I                 32     4906.54   12679        62.210     3271.03       41.473

  3 06 1  02 CHANCHAL-II                28     5186.49   13704        71.076     3457.66       47.384

  3 06 1  03 HARISCHANDRAPUR-I          28     4255.13    9892        42.092     2836.75       28.061

  3 06 1  04 HARISCHANDRAPUR-II         36     4365.95   15010        65.533     2910.63       43.689

  3 06 1  05 RATUA-I                    40     5110.40    8169        41.747     3406.93       27.831

  3 06 1  06 RATUA-II                   32     4733.47    5987        28.339     3155.65       18.893

  3 06 1  07 MANIKCHAK                  44     3484.72    1148         4.000     2323.15        2.667

  3 06 1  08 GAJOLE                     60     5096.01   31192       158.955     3397.34      105.970

  3 06 1  09 BAMANGOLA                  24     3219.05    9545        30.726     2146.03       20.484

  3 06 1  10 OLD MALDA                  24     5182.55    5224        27.074     3455.03       18.049

  3 06 1  11 HABIBPUR                   20     5450.06   23631       128.790     3633.37       85.860

  3 06 1  12 ENGLISHBAZAR               44     5445.61    2132        11.610     3630.41        7.740

  3 06 1  13 KALIACHAK-I                40     5368.16     308         1.653     3578.77        1.102

  3 06 1  14 KALIACHAK-II               36     5756.99     387         2.228     3837.99        1.485

  3 06 1  15 KALIACHAK-III              56     4078.11    2447         9.979     2718.74        6.653


  --------------------------------------------------------------------------------------------------------------------------------
    06    MALDA                        544     4849.68  141455       686.012     3233.12      457.341
  --------------------------------------------------------------------------------------------------------------------------------