          CROP: BORO     (17)                                                   PAGE NO:     6

                              BLOCK WISE YIELD RATE,AREA AND PRODUCTION OF  SUMMER CROPS, 2014-15
  --------------------------------------------------------------------------------------------------------------------------------
  D-DT-SD BLK BLOCK NAME              NCCE    DRY YR     AREA       DRY PRODN   YR CLRICE   PRODN CLRICE
                                             (kg/hec)    (hec)    (000 tonnes)  (kg/hec)    (000 tonnes)
  --------------------------------------------------------------------------------------------------------------------------------
  3 06 1  01 CHANCHAL-I                 32     6424.14    4103        26.358     4282.76       17.572

  3 06 1  02 CHANCHAL-II                28     5956.20    4305        25.641     3970.80       17.094

  3 06 1  03 HARISCHANDRAPUR-I          28     5642.70    4835        27.282     3761.80       18.188

  3 06 1  04 HARISCHANDRAPUR-II         28     6599.75    7787        51.392     4399.83       34.262

  3 06 1  05 RATUA-I                    40     6966.36    7005        48.799     4644.24       32.533

  3 06 1  06 RATUA-II                   32     6578.87    5766        37.934     4385.91       25.289

  3 06 1  07 MANIKCHAK                  44     5670.35     750         4.253     3780.23        2.835

  3 06 1  08 GAJOLE                     56     5660.37    6195        35.066     3773.58       23.377

  3 06 1  09 BAMANGOLA                  24     4989.63    4281        21.361     3326.42       14.240

  3 06 1  10 OLD MALDA                  24     5445.74    4738        25.802     3630.49       17.201

  3 06 1  11 HABIBPUR                   20     5881.02    7025        41.314     3920.68       27.543

  3 06 1  12 ENGLISHBAZAR               44     7431.94    1532        11.386     4954.63        7.590

  3 06 1  13 KALIACHAK-I                39     5468.91     560         3.063     3645.94        2.042

  3 06 1  14 KALIACHAK-II               36     5837.00     640         3.736     3891.33        2.490

  3 06 1  15 KALIACHAK-III              48     5978.25     280         1.674     3985.50        1.116


  --------------------------------------------------------------------------------------------------------------------------------
    06    MALDA                        523     6104.49   59802       365.061     4069.66      243.374
  --------------------------------------------------------------------------------------------------------------------------------