          CROP: AMAN     (05)  

                              BLOCK WISE YIELD RATE,AREA AND PRODUCTION OF  WINTER CROPS, 2014-15
  --------------------------------------------------------------------------------------------------------------------------------
  D-DT-SD BLK BLOCK NAME              NCCE    DRY YR     AREA       DRY PRODN   YR CLRICE   PRODN CLRICE
                                             (kg/hec)    (hec)    (000 tonnes)  (kg/hec)    (000 tonnes)
  --------------------------------------------------------------------------------------------------------------------------------
  2 13 1  01 BANKURA-I                  24     3578.14   11775        42.133     2385.43       28.088

  2 13 1  02 BANKURA-II                 28     4907.09   10358        50.828     3271.39       33.885

  2 13 1  03 ONDA                       60     4039.80   20849        84.226     2693.20       56.151

  2 13 1  04 CHHATNA                    52     3753.13   26045        97.750     2502.09       65.167

  2 13 1  05 GANGAJALGHATI              40     3336.59   13772        45.952     2224.39       30.634

  2 13 1  06 BARJORA                    44     4255.24   13962        59.412     2836.83       39.608

  2 13 1  07 MEJIA                      20     3454.56    4855        16.772     2303.04       11.181

  2 13 1  08 SALTORA                    32     3215.84   14051        45.186     2143.89       30.124

  2 13 2  09 RAIPUR-I                   40     3753.86   15071        56.574     2502.57       37.716

  2 13 2  10 RAIPUR-II                  24     3085.05    6416        19.794     2056.70       13.196

  2 13 2  11 KHATRA-I                   20     3341.27   10212        34.121     2227.51       22.747

  2 13 2  12 KHATRA-II                  20     3995.45    6548        26.162     2663.63       17.441

  2 13 2  13 INDPUR                     20     3666.82   13073        47.936     2444.55       31.958

  2 13 2  14 RANIBANDH                  32     3878.42   15718        60.961     2585.61       40.641

  2 13 2  15 SIMLAPAL                   28     4611.36   12541        57.831     3074.24       38.554

  2 13 2  16 TALDANGRA                  20     4467.15   12434        55.545     2978.10       37.030

  2 13 3  17 BISHNUPUR                  36     3875.88   13445        52.111     2583.92       34.741

  2 13 3  18 JOYPUR                     36     4624.96   11793        54.542     3083.31       36.361

  2 13 3  19 KOTALPUR                   32     4979.81   13845        68.945     3319.87       45.964

  2 13 3  20 SONAMUKHI                  40     3531.61   14071        49.693     2354.41       33.129

  2 13 3  21 PATRASAYAR                 40     5363.50   14988        80.388     3575.67       53.592

  2 13 3  22 INDUS                      40     4635.67   18382        85.213     3090.45       56.809


  --------------------------------------------------------------------------------------------------------------------------------
    13    BANKURA                      728     4051.86  294204      1192.075     2701.24      794.716
  --------------------------------------------------------------------------------------------------------------------------------