          CROP: TIL      (18)                                                   PAGE NO:    15

                              BLOCK WISE YIELD RATE,AREA AND PRODUCTION OF  SUMMER CROPS, 2014-15
  --------------------------------------------------------------------------------------------------------------------------------
  D-DT-SD BLK BLOCK NAME              NCCE    DRY YR     AREA       DRY PRODN
                                             (kg/hec)    (hec)    (000 tonnes)
  --------------------------------------------------------------------------------------------------------------------------------
  2 13 1  01 BANKURA-I                  17      983.19       1         0.001

  2 13 1  02 BANKURA-II                 16      814.92     119         0.097

  2 13 1  03 ONDA                       16     1109.31     466         0.517

  2 13 1  04 CHHATNA                    12     1098.49       1         0.001

  2 13 1  05 GANGAJALGHATI              18     1380.13       1         0.001

  2 13 1  06 BARJORA                    16     1060.96     337         0.358

  2 13 1  07 MEJIA                       4     1040.72       1         0.001

  2 13 1  08 SALTORA                     5      945.57       1         0.001

  2 13 2  09 RAIPUR-I                   16     1204.24    2568         3.092

  2 13 2  10 RAIPUR-II                  18     1029.82     287         0.296

  2 13 2  11 KHATRA-I                   16     1119.07      17         0.019

  2 13 2  12 KHATRA-II                  17     1152.63      65         0.075

  2 13 2  13 INDPUR                     16     1240.82       1         0.001

  2 13 2  14 RANIBANDH                  16      917.42       1         0.001

  2 13 2  15 SIMLAPAL                   16     1015.82    1218         1.237

  2 13 2  16 TALDANGRA                  16      629.70     831         0.523

  2 13 3  17 BISHNUPUR                  16      401.15      19         0.008

  2 13 3  18 JOYPUR                     18      802.84    2870         2.304

  2 13 3  19 KOTALPUR                   19      772.28    8885         6.862

  2 13 3  20 SONAMUKHI                  16      703.73     715         0.503

  2 13 3  21 PATRASAYAR                 16      588.51     511         0.301

  2 13 3  22 INDUS                      16      807.42    1334         1.077


  --------------------------------------------------------------------------------------------------------------------------------
    13    BANKURA                      336      853.18   20249        17.276
  --------------------------------------------------------------------------------------------------------------------------------