          CROP: MUSTARD  (15)                                                   PAGE NO:    15

                              BLOCK WISE YIELD RATE,AREA AND PRODUCTION OF  RABI   CROPS, 2014-15
  --------------------------------------------------------------------------------------------------------------------------------
  D-DT-SD BLK BLOCK NAME              NCCE    DRY YR     AREA       DRY PRODN
                                             (kg/hec)    (hec)    (000 tonnes)
  --------------------------------------------------------------------------------------------------------------------------------
  2 13 1  01 BANKURA-I                  16      728.06      29         0.021

  2 13 1  02 BANKURA-II                 17      683.33     201         0.137

  2 13 1  03 ONDA                       16      963.03    1584         1.525

  2 13 1  04 CHHATNA                    17      621.69       5         0.003

  2 13 1  05 GANGAJALGHATI              17      606.69      39         0.024

  2 13 1  06 BARJORA                    18      515.53     481         0.248

  2 13 1  07 MEJIA                      14      991.67      20         0.020

  2 13 1  08 SALTORA                    10      882.35       3         0.003

  2 13 2  09 RAIPUR (RAIPUR-I)          17      328.46    1280         0.420

  2 13 2  10 SARENGA (RAIPUR-II)        14      737.37     477         0.352

  2 13 2  11 KHATRA (KHATRA-I)          17      780.46     234         0.183

  2 13 2  12 HIRBANDH (KHATRA-II)       16      963.10      42         0.040

  2 13 2  13 INDPUR                     16     1399.37     242         0.339

  2 13 2  14 RANIBANDH                  16      877.80     218         0.191

  2 13 2  15 SIMLAPAL                   16      751.11    1278         0.960

  2 13 2  16 TALDANGRA                  20      686.98     565         0.388

  2 13 3  17 BISHNUPUR                  16      682.11     813         0.555

  2 13 3  18 JOYPUR                     18      706.19     359         0.254

  2 13 3  19 KOTALPUR                   17      723.31     533         0.386

  2 13 3  20 SONAMUKHI                  16      709.63     719         0.510

  2 13 3  21 PATRASAYAR                 16      740.47     878         0.650

  2 13 3  22 INDAS                      16     1153.32    1795         2.070


  --------------------------------------------------------------------------------------------------------------------------------
    13    BANKURA                      356      786.65   11795         9.279
  --------------------------------------------------------------------------------------------------------------------------------