          CROP: BORO     (17)                                                   PAGE NO:    13

                              BLOCK WISE YIELD RATE,AREA AND PRODUCTION OF  SUMMER CROPS, 2014-15
  --------------------------------------------------------------------------------------------------------------------------------
  D-DT-SD BLK BLOCK NAME              NCCE    DRY YR     AREA       DRY PRODN   YR CLRICE   PRODN CLRICE
                                             (kg/hec)    (hec)    (000 tonnes)  (kg/hec)    (000 tonnes)
  --------------------------------------------------------------------------------------------------------------------------------
  2 13 1  02 BANKURA-II                 28     5635.17     541         3.049     3756.78        2.032

  2 13 1  03 ONDA                       52     4763.34    2592        12.347     3175.56        8.231

  2 13 1  05 GANGAJALGHATI               6     4834.50       1         0.005     3223.00        0.003

  2 13 1  06 BARJORA                    36     5713.31    2345        13.398     3808.87        8.932

  2 13 2  09 RAIPUR-I                   20     5254.54      55         0.289     3503.03        0.193

  2 13 2  10 RAIPUR-II                  24     5563.54       6         0.033     3709.03        0.022

  2 13 2  11 KHATRA-I                   10     3289.39     421         1.385     2192.93        0.923

  2 13 2  12 KHATRA-II                   8     1887.57       1         0.002     1258.38        0.001

  2 13 2  13 INDPUR                      6     4260.34       1         0.004     2840.23        0.003

  2 13 2  14 RANIBANDH                   7     3449.80       1         0.003     2299.87        0.002

  2 13 2  15 SIMLAPAL                   28     4504.56     507         2.284     3003.04        1.523

  2 13 2  16 TALDANGRA                  36     3567.21     349         1.245     2378.14        0.830

  2 13 3  17 BISHNUPUR                  36     4687.08     561         2.629     3124.72        1.753

  2 13 3  18 JOYPUR                     20     4693.53    8397        39.412     3129.02       26.274

  2 13 3  19 KOTALPUR                   20     5550.18    5374        29.827     3700.12       19.884

  2 13 3  20 SONAMUKHI                  40     5488.19    6235        34.219     3658.79       22.813

  2 13 3  21 PATRASAYAR                 40     3799.95    5358        20.360     2533.30       13.573

  2 13 3  22 INDUS                      40     2758.93    7440        20.526     1839.29       13.684


  --------------------------------------------------------------------------------------------------------------------------------
    13    BANKURA                      457     4504.58   40185       181.016     3003.05      120.678
  --------------------------------------------------------------------------------------------------------------------------------