          CROP: WHEAT    (06)                                                   PAGE NO:    15

                              BLOCK WISE YIELD RATE,AREA AND PRODUCTION OF  RABI   CROPS, 2014-15
  --------------------------------------------------------------------------------------------------------------------------------
  D-DT-SD BLK BLOCK NAME              NCCE    DRY YR     AREA       DRY PRODN
                                             (kg/hec)    (hec)    (000 tonnes)
  --------------------------------------------------------------------------------------------------------------------------------
  2 13 1  01 BANKURA-I                   4     2337.62       1         0.002

  2 13 1  02 BANKURA-II                  9     1777.22      37         0.066

  2 13 1  03 ONDA                       16     2470.73     398         0.983

  2 13 1  04 CHHATNA                     1     2336.73       1         0.002

  2 13 1  05 GANGAJALGHATI              16     3320.83       1         0.003

  2 13 1  06 BARJORA                    17     2080.05     117         0.243

  2 13 1  07 MEJIA                       9     2505.17       1         0.003

  2 13 1  08 SALTORA                     8     2225.93      25         0.056

  2 13 2  09 RAIPUR (RAIPUR-I)          17     2749.56     513         1.411

  2 13 2  10 SARENGA (RAIPUR-II)        18     3729.05      50         0.186

  2 13 2  11 KHATRA (KHATRA-I)           7     2088.06      28         0.058

  2 13 2  12 HIRBANDH (KHATRA-II)       16     2694.83       8         0.022

  2 13 2  13 INDPUR                     16     2852.12     110         0.314

  2 13 2  14 RANIBANDH                  10     2849.22      57         0.162

  2 13 2  15 SIMLAPAL                   16     4015.67     658         2.642

  2 13 2  16 TALDANGRA                  16     2086.82     336         0.701

  2 13 3  17 BISHNUPUR                  16     2437.17      52         0.127

  2 13 3  18 JOYPUR                     18     2046.61     538         1.101

  2 13 3  19 KOTALPUR                    7     2132.07     134         0.286

  2 13 3  20 SONAMUKHI                  16     2249.19     369         0.830

  2 13 3  21 PATRASAYAR                  1     2201.65      50         0.110

  2 13 3  22 INDAS                       1     2208.08      70         0.155


  --------------------------------------------------------------------------------------------------------------------------------
    13    BANKURA                      255     2662.73    3554         9.463
  --------------------------------------------------------------------------------------------------------------------------------