          CROP: AUS      (02)                                                   PAGE NO:    13

                              BLOCK WISE YIELD RATE,AREA AND PRODUCTION OF  BHADUI CROPS, 2014-15
  --------------------------------------------------------------------------------------------------------------------------------
  D-DT-SD BLK BLOCK NAME              NCCE    DRY YR     AREA       DRY PRODN   YR CLRICE   PRODN CLRICE
                                             (kg/hec)    (hec)    (000 tonnes)  (kg/hec)    (000 tonnes)
  --------------------------------------------------------------------------------------------------------------------------------
  2 13 1  01 BANKURA-I                  16     4000.13       0         0.000     2666.75        0.000

  2 13 1  02 BANKURA-II                 16     4975.72       0         0.000     3317.15        0.000

  2 13 1  03 ONDA                       56     4506.69    1475         6.647     3004.46        4.432

  2 13 1  06 BARJORA                    17     3396.83       0         0.000     2264.55        0.000

  2 13 2  09 RAIPUR-I                   16     3653.11       0         0.000     2435.41        0.000

  2 13 2  10 RAIPUR-II                  17     3475.39       0         0.000     2316.93        0.000

  2 13 2  12 KHATRA-II                  11     3055.27       0         0.000     2036.85        0.000

  2 13 2  14 RANIBANDH                  16     3262.34       0         0.000     2174.89        0.000

  2 13 2  15 SIMLAPAL                   16     3564.24       0         0.000     2376.16        0.000

  2 13 2  16 TALDANGRA                  36     4584.03     950         4.355     3056.02        2.903

  2 13 3  17 BISHNUPUR                  36     4741.45    2055         9.744     3160.97        6.496

  2 13 3  18 JOYPUR                     36     4259.59    2281         9.716     2839.73        6.477

  2 13 3  19 KOTALPUR                   32     4991.14   10084        50.331     3327.43       33.554

  2 13 3  20 SONAMUKHI                  40     3831.51     776         2.973     2554.34        1.982

  2 13 3  21 PATRASAYAR                 40     4852.80    3025        14.680     3235.20        9.786

  2 13 3  22 INDUS                      40     4465.68    1052         4.698     2977.12        3.132


  --------------------------------------------------------------------------------------------------------------------------------
    13    BANKURA                      441     4753.60   21698       103.144     3169.07       68.762
  --------------------------------------------------------------------------------------------------------------------------------