          CROP: MUSUR    (09)                                                   PAGE NO:    15

                              BLOCK WISE YIELD RATE,AREA AND PRODUCTION OF  RABI   CROPS, 2014-15
  --------------------------------------------------------------------------------------------------------------------------------
  D-DT-SD BLK BLOCK NAME              NCCE    DRY YR     AREA       DRY PRODN
                                             (kg/hec)    (hec)    (000 tonnes)
  --------------------------------------------------------------------------------------------------------------------------------
  2 13 1  01 BANKURA-I                   2      784.72       1         0.001

  2 13 1  02 BANKURA-II                  9      473.92       2         0.001

  2 13 1  03 ONDA                       16      924.31       2         0.002

  2 13 1  05 GANGAJALGHATI              17      752.72       2         0.002

  2 13 1  06 BARJORA                     4      786.33       3         0.002

  2 13 1  07 MEJIA                      16      981.53       5         0.005

  2 13 1  08 SALTORA                    12      981.75       3         0.003

  2 13 2  09 RAIPUR (RAIPUR-I)          12      744.78      28         0.021

  2 13 2  10 SARENGA (RAIPUR-II)        14     1137.27      30         0.034

  2 13 2  11 KHATRA (KHATRA-I)           4     1029.88       1         0.001

  2 13 2  12 HIRBANDH (KHATRA-II)        5     1048.67       3         0.003

  2 13 2  14 RANIBANDH                   4     1027.54       4         0.004

  2 13 2  15 SIMLAPAL                   15     1428.29      18         0.026

  2 13 3  17 BISHNUPUR                   7     1048.84       3         0.003

  2 13 3  19 KOTALPUR                   17     1149.97       5         0.006

  2 13 3  21 PATRASAYAR                  6      944.20       5         0.005

  2 13 3  22 INDAS                      16     1097.34      56         0.061


  --------------------------------------------------------------------------------------------------------------------------------
    13    BANKURA                      176     1048.74     171         0.179
  --------------------------------------------------------------------------------------------------------------------------------