          CROP: JUTE     (01)                                                   PAGE NO:    13

                              BLOCK WISE YIELD RATE,AREA AND PRODUCTION OF  BHADUI CROPS, 2014-15
  --------------------------------------------------------------------------------------------------------------------------------
  D-DT-SD BLK BLOCK NAME              NCCE    DRY YR     AREA       DRY PRODN
                                              (bales/hec)(hec)    ('000 bales)
  --------------------------------------------------------------------------------------------------------------------------------
  2 12 1  01 PANDUA                      2       22.26       0         0.000

  2 12 1  02 DHANIAKHALI                12       18.35    1368        25.103

  2 12 1  03 POLBA/DADPUR                8       21.48     722        15.509

  2 12 1  04 BALAGARH                   52       24.36    4249       103.506

  2 12 1  05 CHINSURAH/MOGRA             2       22.78     118         2.688

  2 12 2  06 UTTARPARA/SRIRAMPORE        0       21.42     108         2.313

  2 12 2  07 CHANDITALA-I               28       21.55     741        15.969

  2 12 2  08 CHANDITALA-II              16       23.48     208         4.884

  2 12 2  09 JANGIPARA                  32       20.84     897        18.693

  2 12 3  10 SINGUR                     56       24.69    2328        57.478

  2 12 3  11 HARIPAL                    60       23.83    1748        41.655

  2 12 3  12 TARAKESWAR                 36       23.58    3183        75.055

  2 12 4  13 ARAMBAG                     4       22.18     545        12.088

  2 12 4  14 PURSURAH                   32       20.33    1708        34.724

  2 12 4  17 KHANAKUL-I                 52       22.55    3781        85.262

  2 12 4  18 KHANAKUL-II                44       22.06    1229        27.112


  --------------------------------------------------------------------------------------------------------------------------------
    12    HUGLI                        436       22.76   22933       522.038
  --------------------------------------------------------------------------------------------------------------------------------