          CROP: TIL      (18)                                                   PAGE NO:    14

                              BLOCK WISE YIELD RATE,AREA AND PRODUCTION OF  SUMMER CROPS, 2014-15
  --------------------------------------------------------------------------------------------------------------------------------
  D-DT-SD BLK BLOCK NAME              NCCE    DRY YR     AREA       DRY PRODN
                                             (kg/hec)    (hec)    (000 tonnes)
  --------------------------------------------------------------------------------------------------------------------------------
  2 12 1  01 PANDUA                     16      831.93     594         0.494

  2 12 1  02 DHANIAKHALI                16     1053.66    6141         6.471

  2 12 1  03 POLBA/DADPUR               16     1039.77    1936         2.013

  2 12 1  04 BALAGARH                   16      976.64     199         0.194

  2 12 1  05 CHINSURAH/MOGRA            16      897.45       1         0.001

  2 12 2  06 UTTARPARA/SRIRAMPORE        0     1114.84      19         0.021

  2 12 2  07 CHANDITALA-I               16     1074.31     271         0.291

  2 12 2  08 CHANDITALA-II              16     1126.15       1         0.001

  2 12 2  09 JANGIPARA                  16     1181.13    4086         4.826

  2 12 3  10 SINGUR                     16     1291.99    1407         1.818

  2 12 3  11 HARIPAL                    16      937.57    3798         3.561

  2 12 3  12 TARAKESWAR                 16     1043.20    2789         2.909

  2 12 4  13 ARAMBAG                    16     1084.65    5138         5.573

  2 12 4  14 PURSURAH                   16     1104.36    2514         2.776

  2 12 4  15 GOGHAT-I                   16      898.68    2471         2.221

  2 12 4  16 GOGHAT-II                  16      832.43    7028         5.850

  2 12 4  17 KHANAKUL-I                 16      942.15    1481         1.395

  2 12 4  18 KHANAKUL-II                16      933.15     882         0.823


  --------------------------------------------------------------------------------------------------------------------------------
    12    HUGLI                        272     1011.86   40756        41.239
  --------------------------------------------------------------------------------------------------------------------------------