          CROP: BORO     (17)                                                   PAGE NO:    12

                              BLOCK WISE YIELD RATE,AREA AND PRODUCTION OF  SUMMER CROPS, 2014-15
  --------------------------------------------------------------------------------------------------------------------------------
  D-DT-SD BLK BLOCK NAME              NCCE    DRY YR     AREA       DRY PRODN   YR CLRICE   PRODN CLRICE
                                             (kg/hec)    (hec)    (000 tonnes)  (kg/hec)    (000 tonnes)
  --------------------------------------------------------------------------------------------------------------------------------
  2 12 1  01 PANDUA                     64     3923.02    9502        37.277     2615.35       24.851

  2 12 1  02 DHANIAKHALI                72     4786.41    4341        20.778     3190.94       13.852

  2 12 1  03 POLBA/DADPUR               48     4695.28    6905        32.421     3130.19       21.614

  2 12 1  04 BALAGARH                   52     3154.22    8891        28.044     2102.81       18.696

  2 12 1  05 CHINSURAH/MOGRA            32     1991.18       8         0.016     1327.45        0.011

  2 12 2  06 UTTARPARA/SRIRAMPORE       20     5250.84     214         1.124     3500.56        0.749

  2 12 2  07 CHANDITALA-I               36     4720.95    2709        12.789     3147.30        8.526

  2 12 2  08 CHANDITALA-II              36     4323.77    1015         4.389     2882.51        2.926

  2 12 2  09 JANGIPARA                  40     4957.69    4805        23.822     3305.13       15.881

  2 12 3  10 SINGUR                     68     4954.13    2761        13.678     3302.75        9.119

  2 12 3  11 HARIPAL                    60     4831.36    3057        14.769     3220.91        9.846

  2 12 3  12 TARAKESWAR                 44     4888.10     351         1.716     3258.73        1.144

  2 12 4  13 ARAMBAG                    64     5484.45   11757        64.481     3656.30       42.987

  2 12 4  14 PURSURAH                   16     5416.28       1         0.005     3610.85        0.004

  2 12 4  15 GOGHAT-I                   28     5945.52    8421        50.067     3963.68       33.378

  2 12 4  16 GOGHAT-II                  36     5876.90    2974        17.478     3917.93       11.652

  2 12 4  17 KHANAKUL-I                 52     5411.81    7621        41.243     3607.87       27.496

  2 12 4  18 KHANAKUL-II                44     6378.47    4321        27.561     4252.31       18.374


  --------------------------------------------------------------------------------------------------------------------------------
    12    HOOGHLY                      812     4916.99   79654       391.658     3277.99      261.105
  --------------------------------------------------------------------------------------------------------------------------------