          CROP: AMAN     (05) 

                              BLOCK WISE YIELD RATE,AREA AND PRODUCTION OF  WINTER CROPS, 2014-15
  --------------------------------------------------------------------------------------------------------------------------------
  D-DT-SD BLK BLOCK NAME              NCCE    DRY YR     AREA       DRY PRODN   YR CLRICE   PRODN CLRICE
                                             (kg/hec)    (hec)    (000 tonnes)  (kg/hec)    (000 tonnes)
  --------------------------------------------------------------------------------------------------------------------------------
  2 12 1  01 PANDUA                     64     4175.67   20097        83.918     2783.78       55.946

  2 12 1  02 DHANIAKHALI                72     4338.60   19125        82.976     2892.40       55.317

  2 12 1  03 POLBA/DADPUR               48     4161.67   17933        74.631     2774.45       49.754

  2 12 1  04 BALAGARH                   52     4389.71   13538        59.428     2926.47       39.619

  2 12 1  05 CHINSURAH/MOGRA            32     4593.90    2272        10.437     3062.60        6.958

  2 12 2  06 UTTARPARA/SRIRAMPORE       20     4442.59     328         1.457     2961.73        0.971

  2 12 2  07 CHANDITALA-I               36     3706.25    6675        24.739     2470.83       16.493

  2 12 2  08 CHANDITALA-II              44     4284.73    1953         8.368     2856.49        5.579

  2 12 2  09 JANGIPARA                  40     4652.66   11577        53.864     3101.77       35.909

  2 12 3  10 SINGUR                     64     4283.64    7711        33.031     2855.76       22.021

  2 12 3  11 HARIPAL                    60     4118.30   12867        52.990     2745.53       35.327

  2 12 3  12 TARAKESWAR                 40     4146.76    7710        31.972     2764.51       21.314

  2 12 4  13 ARAMBAG                    64     4760.28   18782        89.408     3173.52       59.605

  2 12 4  14 PURSURAH                   32     4977.66    6805        33.873     3318.44       22.582

  2 12 4  15 GOGHAT-I                   28     5716.33   12110        69.225     3810.89       46.150

  2 12 4  16 GOGHAT-II                  36     5299.92   13634        72.259     3533.28       48.173

  2 12 4  17 KHANAKUL-I                 52     5042.78   11973        60.377     3361.85       40.251

  2 12 4  18 KHANAKUL-II                44     5518.28    5131        28.314     3678.85       18.876


  --------------------------------------------------------------------------------------------------------------------------------
    12    HOOGHLY                      828     4580.29  190221       871.268     3053.53      580.845
  --------------------------------------------------------------------------------------------------------------------------------