          CROP: MUSTARD  (15)                                                   PAGE NO:    14

                              BLOCK WISE YIELD RATE,AREA AND PRODUCTION OF  RABI   CROPS, 2014-15
  --------------------------------------------------------------------------------------------------------------------------------
  D-DT-SD BLK BLOCK NAME              NCCE    DRY YR     AREA       DRY PRODN
                                             (kg/hec)    (hec)    (000 tonnes)
  --------------------------------------------------------------------------------------------------------------------------------
  2 12 1  01 PANDUA                     16      729.43     723         0.527

  2 12 1  02 DHANIAKHALI                16      900.94    1357         1.223

  2 12 1  03 POLBA - DADPUR             16     1126.91     329         0.371

  2 12 1  04 BALAGARH                   16      675.85    1118         0.756

  2 12 1  05 CHINSURAH - MOGRA          16      687.54     201         0.138

  2 12 2  06 SREERAMPUR - UTTARPA        0     1059.88      53         0.056

  2 12 2  07 CHANDITALA-I               16      802.99     176         0.141

  2 12 2  08 CHANDITALA-II              16      970.63       5         0.005

  2 12 2  09 JANGIPARA                  16     1121.07    2032         2.278

  2 12 3  10 SINGUR                     16      832.33     257         0.214

  2 12 3  11 HARIPAL                    16      791.00     317         0.251

  2 12 3  12 TARAKESWAR                 16      770.73     190         0.146

  2 12 4  13 ARAMBAG                    16      870.39    2574         2.240

  2 12 4  14 PURSURAH                    0      839.02      37         0.031

  2 12 4  15 GOGHAT-I                   16      870.50     652         0.568

  2 12 4  16 GOGHAT-II                  16      741.60     983         0.729

  2 12 4  17 KHANAKUL-I                 16      892.28     984         0.878

  2 12 4  18 KHANAKUL-II                16      836.75    2096         1.754


  --------------------------------------------------------------------------------------------------------------------------------
    12    HUGLI                        256      873.74   14084        12.306
  --------------------------------------------------------------------------------------------------------------------------------