          CROP: BORO     (17)                                                   PAGE NO:    19

                              BLOCK WISE YIELD RATE,AREA AND PRODUCTION OF  SUMMER CROPS, 2013-14
  --------------------------------------------------------------------------------------------------------------------------------
  D-DT-SD BLK BLOCK NAME              NCCE    DRY YR     AREA       DRY PRODN   YR CLRICE   PRODN CLRICE
                                             (kg/hec)    (hec)    (000 tonnes)  (kg/hec)    (000 tonnes)
  --------------------------------------------------------------------------------------------------------------------------------
  1 16 1  01 DOMJUR                     16     4296.41     292         1.255     2864.27        0.836

  1 16 1  02 BALLY-JAGACHHA              3     4906.53       0         0.000     3271.02        0.000

  1 16 1  03 SANKRAIL                   16     3483.10     600         2.090     2322.07        1.393

  1 16 1  04 JAGAT-BALLAVPUR            16     4934.61    6360        31.384     3289.74       20.923

  1 16 1  05 PANCHLA                    16     5259.03    2260        11.885     3506.02        7.924

  1 16 2  06 AMTA-I                     16     4770.32    4441        21.185     3180.21       14.123

  1 16 2  07 AMTA-II                    16     4680.20    3977        18.613     3120.13       12.409

  1 16 2  08 UDAYNARAYANPUR             16     4648.44    1217         5.657     3098.96        3.771

  1 16 2  09 BAGNAN-I                   16     4317.57    2760        11.916     2878.38        7.944

  1 16 2  10 BAGNAN-II                  16     4640.54    2247        10.427     3093.69        6.952

  1 16 2  11 ULUBERIA-I                 16     4345.02    3713        16.133     2896.68       10.755

  1 16 2  12 ULUBERIA-II                16     3793.16    3138        11.903     2528.77        7.935

  1 16 2  13 SHYAMPUR-I                 16     4048.17    6264        25.358     2698.78       16.905

  1 16 2  14 SHYAMPUR-II                16     4496.34    5440        24.460     2997.56       16.307


  --------------------------------------------------------------------------------------------------------------------------------
    16    HAORA                        211     4501.79   42709       192.267     3001.19      128.178
  --------------------------------------------------------------------------------------------------------------------------------