          CROP: AMAN     (05)                                                   PAGE NO:    19

                              BLOCK WISE YIELD RATE,AREA AND PRODUCTION OF  WINTER CROPS, 2013-14
  --------------------------------------------------------------------------------------------------------------------------------
  D-DT-SD BLK BLOCK NAME              NCCE    DRY YR     AREA       DRY PRODN   YR CLRICE   PRODN CLRICE
                                             (kg/hec)    (hec)    (000 tonnes)  (kg/hec)    (000 tonnes)
  --------------------------------------------------------------------------------------------------------------------------------
  1 16 1  01 DOMJUR                     16     1434.29     556         0.797      956.19        0.532

  1 16 1  02 BALLY-JAGACHHA             16     2348.31    1000         2.348     1565.54        1.566

  1 16 1  03 SANKRAIL                   16     2460.74     571         1.405     1640.49        0.937

  1 16 1  04 JAGAT-BALLAVPUR            16     3472.89   12950        44.974     2315.26       29.983

  1 16 1  05 PANCHLA                    16     1892.47     592         1.120     1261.65        0.747

  1 16 2  06 AMTA-I                     16     1323.25     856         1.133      882.17        0.755

  1 16 2  07 AMTA-II                    16     2852.88    8026        22.897     1901.92       15.265

  1 16 2  08 UDAYNARAYANPUR             16      416.97     340         0.142      277.98        0.095

  1 16 2  09 BAGNAN-I                   16     2577.40    3837         9.889     1718.27        6.593

  1 16 2  10 BAGNAN-II                  16     2187.27     426         0.932     1458.18        0.621

  1 16 2  11 ULUBERIA-I                 16      897.63     958         0.860      598.42        0.573

  1 16 2  12 ULUBERIA-II                16      426.08     296         0.126      284.05        0.084

  1 16 2  13 SHYAMPUR-I                 16     3829.63   18622        71.315     2553.09       47.544

  1 16 2  14 SHYAMPUR-II                16     3620.12   15330        55.496     2413.41       36.998


  --------------------------------------------------------------------------------------------------------------------------------
    16    HAORA                        224     3316.28   64360       213.436     2210.85      142.291
  --------------------------------------------------------------------------------------------------------------------------------