          CROP: BORO     (17)                                                   PAGE NO:    14

                              BLOCK WISE YIELD RATE,AREA AND PRODUCTION OF  SUMMER CROPS, 2015-16
  --------------------------------------------------------------------------------------------------------------------------------
  D-DT-SD BLK BLOCK NAME              NCCE    DRY YR     AREA       DRY PRODN   YR CLRICE   PRODN CLRICE
                                             (kg/hec)    (hec)    (000 tonnes)  (kg/hec)    (000 tonnes)
  --------------------------------------------------------------------------------------------------------------------------------
  2 14 1  03 HURA                        0     1847.08       5         0.009     1231.39        0.006

  2 14 1  04 PUNCHA                      2     1876.54      16         0.030     1251.03        0.020

  2 14 1  05 MANBAZAR-I                  2     1888.63       1         0.002     1259.09        0.001

  2 14 1  06 MANBAZAR-II                 0     1847.08      19         0.035     1231.39        0.023

  2 14 1  07 BANDWAN                     0     1847.08      16         0.030     1231.39        0.020

  2 14 2  08 JHALDA-I                    0     1649.21     220         0.363     1099.47        0.242

  2 14 2  11 ARSHA                       8     3291.60      17         0.056     2194.40        0.037

  2 14 2  12 BAGMUNDI                    2     1649.21      12         0.020     1099.47        0.013

  2 14 2  13 BALARAMPUR                  7      839.70     101         0.085      559.80        0.057

  2 14 2  14 BARABAZAR                   8     2648.15      71         0.188     1765.43        0.125

  2 14 3  16 RAGHUNATHPUR-II            12     3330.53      26         0.087     2220.35        0.058

  2 14 3  19 KASHIPUR                    0     3314.73      12         0.040     2209.82        0.027


  --------------------------------------------------------------------------------------------------------------------------------
    14    PURULIYA                      41     1828.62     516         0.944     1219.08        0.629
  --------------------------------------------------------------------------------------------------------------------------------