          CROP: WHEAT    (06)                                                   PAGE NO:    15

                              BLOCK WISE YIELD RATE,AREA AND PRODUCTION OF  RABI   CROPS, 2015-16
  --------------------------------------------------------------------------------------------------------------------------------
  D-DT-SD BLK BLOCK NAME              NCCE    DRY YR     AREA       DRY PRODN
                                             (kg/hec)    (hec)    (000 tonnes)
  --------------------------------------------------------------------------------------------------------------------------------
  2 14 1  01 PURULIA-I                   3     1401.12       5         0.007

  2 14 1  02 PURULIA-II                 10     1592.03       5         0.008

  2 14 1  03 HURA                        1     1413.27       4         0.006

  2 14 1  04 PUNCHA                      0     1368.60      10         0.014

  2 14 1  05 MANBAZAR-I                  1     1303.31      64         0.083

  2 14 1  06 MANBAZAR-II                16     2195.81      40         0.088

  2 14 1  07 BANDWAN                     2     1337.55      60         0.080

  2 14 2  12 BAGHMUNDI                   0     1444.49     580         0.838

  2 14 2  13 BALARAMPUR                  3     1428.67      11         0.016

  2 14 2  14 BARABAZAR                  14     1488.94      11         0.016

  2 14 3  15 RAGHUNATHPUR-I              7     2179.64       5         0.011

  2 14 3  16 RAGHUNATHPUR-II             6      858.93      10         0.009

  2 14 3  17 NETURIA                     1     1234.97      20         0.025

  2 14 3  18 SANTURI                     3     1290.09      15         0.019

  2 14 3  19 KASHIPUR                    9     1525.11      10         0.015

  2 14 3  20 PARA                        4     1332.97       5         0.007


  --------------------------------------------------------------------------------------------------------------------------------
    14    PURULIYA                      80     1451.64     855         1.241
  --------------------------------------------------------------------------------------------------------------------------------