          CROP: MASKALAI (10)                                                   PAGE NO:    14

                              BLOCK WISE YIELD RATE,AREA AND PRODUCTION OF  WINTER CROPS, 2015-16
  --------------------------------------------------------------------------------------------------------------------------------
  D-DT-SD BLK BLOCK NAME              NCCE    DRY YR     AREA       DRY PRODN
                                             (kg/hec)    (hec)    (000 tonnes)
  --------------------------------------------------------------------------------------------------------------------------------
  2 14 1  01 PURULIYA-I                  9      248.85     998         0.248

  2 14 1  02 PURULIYA-II                16      267.78    2138         0.573

  2 14 1  03 HURA                       16      215.68    2600         0.561

  2 14 1  04 PUNCHA                     11      263.67     233         0.061

  2 14 1  05 MANBAZAR-I                  6      310.03      57         0.018

  2 14 1  06 MANBAZAR-II                 0      250.48      77         0.019

  2 14 2  08 JHALDA-I                    0      177.25     756         0.134

  2 14 2  09 JHALDA-II                   8      190.98     295         0.056

  2 14 2  10 JOYPUR                      6      132.95     621         0.083

  2 14 2  11 ARSHA                       5      174.95    1088         0.190

  2 14 2  12 BAGMUNDI                    0      177.25     612         0.108

  2 14 2  13 BALARAMPUR                  4      179.23     128         0.023

  2 14 2  14 BARABAZAR                  16      206.58     548         0.113

  2 14 3  15 RAGHUNATHPUR-I              1      216.43      36         0.008

  2 14 3  16 RAGHUNATHPUR-II             1      206.54       3         0.001

  2 14 3  18 SANTURI                     7      245.29       1         0.000

  2 14 3  19 KASHIPUR                    3      217.01      44         0.010

  2 14 3  20 PARA                       14      224.78    1311         0.295


  --------------------------------------------------------------------------------------------------------------------------------
    14    PURULIYA                     123      216.59   11546         2.501
  --------------------------------------------------------------------------------------------------------------------------------