          CROP: MUSTARD  (15)                                                   PAGE NO:    16

                              BLOCK WISE YIELD RATE,AREA AND PRODUCTION OF  RABI   CROPS, 2015-16
  --------------------------------------------------------------------------------------------------------------------------------
  D-DT-SD BLK BLOCK NAME              NCCE    DRY YR     AREA       DRY PRODN
                                             (kg/hec)    (hec)    (000 tonnes)
  --------------------------------------------------------------------------------------------------------------------------------
  2 14 1  01 PURULIA-I                  16      508.67       6         0.003

  2 14 1  03 HURA                       15      893.19      15         0.013

  2 14 1  04 PUNCHA                     16      860.14      17         0.015

  2 14 1  05 MANBAZAR-I                 10      584.20     210         0.123

  2 14 1  06 MANBAZAR-II                16      587.92      15         0.009

  2 14 1  07 BANDWAN                     7      434.31       2         0.001

  2 14 2  09 JHALDA-II                  16      474.18       6         0.003

  2 14 2  10 JOYPUR                      5      755.31       1         0.001

  2 14 2  11 ARSHA                       7      415.87      98         0.041

  2 14 2  12 BAGHMUNDI                   5      799.79     600         0.480

  2 14 2  13 BALARAMPUR                 16      438.77     111         0.049

  2 14 2  14 BARABAZAR                  16      560.54       7         0.004

  2 14 3  15 RAGHUNATHPUR-I              9      883.57      12         0.011

  2 14 3  16 RAGHUNATHPUR-II             1      225.86      20         0.005

  2 14 3  17 NETURIA                     2      687.29      15         0.010

  2 14 3  18 SANTURI                     5      686.89      10         0.007

  2 14 3  19 KASHIPUR                   15      700.21      15         0.011

  2 14 3  20 PARA                        3      666.84       5         0.003


  --------------------------------------------------------------------------------------------------------------------------------
    14    PURULIYA                     180      675.05    1165         0.786
  --------------------------------------------------------------------------------------------------------------------------------