          CROP: AMAN     (05)                                                   PAGE NO:    16

                              BLOCK WISE YIELD RATE,AREA AND PRODUCTION OF  WINTER CROPS, 2015-16
  --------------------------------------------------------------------------------------------------------------------------------
  D-DT-SD BLK BLOCK NAME              NCCE    DRY YR     AREA       DRY PRODN   YR CLRICE   PRODN CLRICE
                                             (kg/hec)    (hec)    (000 tonnes)  (kg/hec)    (000 tonnes)
  --------------------------------------------------------------------------------------------------------------------------------
  2 14 1  01 PURULIYA-I                  0     2295.33   14040        32.226     1530.22       21.484

  2 14 1  02 PURULIYA-II                28     2448.57   11151        27.304     1632.38       18.203

  2 14 1  03 HURA                       40     1678.90   14122        23.709     1119.27       15.806

  2 14 1  04 PUNCHA                     40     1954.68   18365        35.898     1303.12       23.932

  2 14 1  05 MANBAZAR-I                 40     2257.77   18428        41.606     1505.18       27.737

  2 14 1  06 MANBAZAR-II                20     3721.99   11611        43.216     2481.33       28.811

  2 14 1  07 BANDWAN                    20     1831.16    8961        16.409     1220.77       10.939

  2 14 2  08 JHALDA-I                    0     3428.24    9649        33.079     2285.49       22.053

  2 14 2  09 JHALDA-II                  36     3081.64   14904        45.929     2054.43       30.619

  2 14 2  10 JOYPUR                     20     4106.58   13660        56.096     2737.72       37.397

  2 14 2  11 ARSHA                      20     4161.65   21101        87.815     2774.43       58.543

  2 14 2  12 BAGMUNDI                   32     3546.82   14681        52.071     2364.55       34.714

  2 14 2  13 BALARAMPUR                 20     2261.02   13400        30.298     1507.35       20.198

  2 14 2  14 BARABAZAR                  20     3218.78   25447        81.908     2145.85       54.606

  2 14 3  15 RAGHUNATHPUR-I             20     3295.82    7943        26.179     2197.21       17.452

  2 14 3  16 RAGHUNATHPUR-II            24     2321.42    8850        20.545     1547.61       13.696

  2 14 3  17 NETURIA                    20     2944.64    4218        12.420     1963.09        8.280

  2 14 3  18 SANTURI                    16     1477.66    8816        13.027      985.11        8.685

  2 14 3  19 KASHIPUR                    0     2286.83   20170        46.125     1524.55       30.750

  2 14 3  20 PARA                       30     1939.98   11913        23.111     1293.32       15.407


  --------------------------------------------------------------------------------------------------------------------------------
    14    PURULIYA                     446     2759.35  271430       748.971     1839.57      499.314
  --------------------------------------------------------------------------------------------------------------------------------