          CROP: MAIZE    (03)                                                   PAGE NO:    12

                              BLOCK WISE YIELD RATE,AREA AND PRODUCTION OF  BHADUI CROPS, 2015-16
  --------------------------------------------------------------------------------------------------------------------------------
  D-DT-SD BLK BLOCK NAME              NCCE    DRY YR     AREA       DRY PRODN
                                             (kg/hec)    (hec)    (000 tonnes)
  --------------------------------------------------------------------------------------------------------------------------------
  2 14 1  01 PURULIYA-I                  4     1822.73     161         0.293

  2 14 1  02 PURULIYA-II                 0     1689.27     205         0.346

  2 14 1  03 HURA                       16     1622.91       1         0.002

  2 14 1  04 PUNCHA                     10     1810.13     195         0.353

  2 14 1  05 MANBAZAR-I                 10     1966.75     343         0.675

  2 14 1  06 MANBAZAR-II                16     1282.73    1449         1.859

  2 14 1  07 BANDWAN                    16     1968.07    1404         2.763

  2 14 2  08 JHALDA-I                    0     2044.96     253         0.517

  2 14 2  09 JHALDA-II                   0     2044.96      49         0.100

  2 14 2  10 JOYPUR                     16     2698.63     374         1.009

  2 14 2  11 ARSHA                       6     3116.98     159         0.496

  2 14 2  12 BAGMUNDI                    5     2060.54     108         0.223

  2 14 2  13 BALARAMPUR                 16     2815.02     189         0.532

  2 14 2  14 BARABAZAR                  16     1387.47    1024         1.421

  2 14 3  15 RAGHUNATHPUR-I             12     1226.94       5         0.006

  2 14 3  16 RAGHUNATHPUR-II            10     1028.04       1         0.001

  2 14 3  17 NETURIA                    16     1551.32       2         0.003

  2 14 3  18 SANTURI                    13     1850.84      33         0.061

  2 14 3  19 KASHIPUR                   16     1833.24      15         0.027

  2 14 3  20 PARA                        0     1773.74       1         0.002


  --------------------------------------------------------------------------------------------------------------------------------
    14    PURULIYA                     198     1790.19    5971        10.689
  --------------------------------------------------------------------------------------------------------------------------------