          CROP: AMAN     (05)                                                   PAGE NO:    20

                              BLOCK WISE YIELD RATE,AREA AND PRODUCTION OF  WINTER CROPS, 2015-16
  --------------------------------------------------------------------------------------------------------------------------------
  D-DT-SD BLK BLOCK NAME              NCCE    DRY YR     AREA       DRY PRODN   YR CLRICE   PRODN CLRICE
                                             (kg/hec)    (hec)    (000 tonnes)  (kg/hec)    (000 tonnes)
  --------------------------------------------------------------------------------------------------------------------------------
  1 18 1  02 BISHNUPUR-I                 4      917.06    4132         3.789      611.37        2.526

  1 18 1  03 BISHNUPUR-II                0     1849.18    3068         5.673     1232.79        3.782

  1 18 1  04 BUDGE-BUDGE-I              20     3528.76    1758         6.204     2352.51        4.136

  1 18 1  05 BUDGE-BUDGE-II             20     2560.43    4337        11.105     1706.95        7.403

  1 18 1  06 THAKURPUKUR-MAHESHTA        0     1849.18     612         1.132     1232.79        0.754

  1 18 2  07 SONARPUR                   12     4016.48    5918        23.770     2677.65       15.846

  1 18 2  08 JAYNAGAR-I                 28     3076.41    4580        14.090     2050.94        9.393

  1 18 2  09 JAYNAGAR-II                20     2813.60   15613        43.929     1875.73       29.286

  1 18 2  10 KULTALI                    36     2811.16   16197        45.532     1874.11       30.355

  1 18 2  11 BARUIPUR                   76     3554.90   10454        37.163     2369.93       24.775

  1 18 2  12 BHANGORE-I                 36     4381.26    6233        27.308     2920.84       18.206

  1 18 2  13 BHANGORE-II                40     4980.98    7706        38.383     3320.65       25.589

  1 18 3  14 CANNING-I                   0     2303.81   15139        34.877     1535.87       23.252

  1 18 3  15 CANNING-II                  0     2303.81   14112        32.511     1535.87       21.674

  1 18 3  16 BASANTI                     0     2303.81   23928        55.126     1535.87       36.750

  1 18 3  17 GOSABA                     56     2316.68   27657        64.072     1544.45       42.715

  1 18 4  18 MOGRAHAT-I                 12     2875.18    7982        22.950     1916.79       15.300

  1 18 4  19 MOGRAHAT-II                56     4955.47    8640        42.815     3303.65       28.544

  1 18 4  20 MANDIRBAZAR                40     3831.12    8829        33.825     2554.08       22.550

  1 18 4  21 KULPI                      56     4027.45   12771        51.435     2684.97       34.290

  1 18 4  22 FALTA                      52     2991.95    8559        25.608     1994.63       17.072

  1 18 4  23 DIAMOND HARBOUR-I          32     3274.92    4415        14.459     2183.28        9.639

  1 18 4  24 DIAMOND HARBOUR-II         32     3387.68    5920        20.055     2258.45       13.370

  1 18 4  25 MATHURAPUR-I                0     3688.48   11286        41.628     2458.99       27.752
          CROP: AMAN     (05)                                                   PAGE NO:    21

                              BLOCK WISE YIELD RATE,AREA AND PRODUCTION OF  WINTER CROPS, 2015-16
  --------------------------------------------------------------------------------------------------------------------------------
  D-DT-SD BLK BLOCK NAME              NCCE    DRY YR     AREA       DRY PRODN   YR CLRICE   PRODN CLRICE
                                             (kg/hec)    (hec)    (000 tonnes)  (kg/hec)    (000 tonnes)
  --------------------------------------------------------------------------------------------------------------------------------
  1 18 4  26 MATHURAPUR-II               0     3688.48   12564        46.342     2458.99       30.895

  1 18 5  27 KAKDWIP                    44     4141.31   15321        63.449     2760.87       42.299

  1 18 5  28 NAMKHANA                   28     4954.77   16220        80.366     3303.18       53.578

  1 18 5  29 SAGAR                      36     3812.26   14305        54.534     2541.51       36.356

  1 18 5  30 PATHARPRATIMA              16     2958.40   31278        92.533     1972.27       61.689


  --------------------------------------------------------------------------------------------------------------------------------
    18    S.24-PARGANAS                752     3238.04  319534      1034.664     2158.69      689.776
  --------------------------------------------------------------------------------------------------------------------------------