          CROP: KHESARI  (12)                                                   PAGE NO:    17

                              BLOCK WISE YIELD RATE,AREA AND PRODUCTION OF  RABI   CROPS, 2015-16
  --------------------------------------------------------------------------------------------------------------------------------
  D-DT-SD BLK BLOCK NAME              NCCE    DRY YR     AREA       DRY PRODN
                                             (kg/hec)    (hec)    (000 tonnes)
  --------------------------------------------------------------------------------------------------------------------------------
  1 18 1  02 BISHNUPUR-I                 0      790.88      62         0.049

  1 18 1  03 BISHNUPUR-II                0      790.88     161         0.127

  1 18 1  05 BUDGE-BUDGE-II              0      790.88     101         0.080

  1 18 1  06 MAHESHTALA                  0      790.88      32         0.025

  1 18 2  08 JAYNAGAR-I                  0      790.88      10         0.008

  1 18 2  10 KULTALI                     0      790.88     340         0.269

  1 18 2  11 BARUIPUR                    0      790.88     516         0.408

  1 18 2  12 BHANGORE-I                  0      790.88      68         0.054

  1 18 3  15 CANNING-II                  0      790.88    1717         1.358

  1 18 4  18 MAGRAHAT-I                 19      817.51      56         0.046

  1 18 4  19 MAGRAHAT-II                 0      883.87      51         0.045

  1 18 4  20 MANDIRBAZAR                 0      883.87     275         0.243

  1 18 4  22 FALTA                       0      883.87      79         0.070

  1 18 4  23 DIAMOND HARBOUR-I          16      816.08     272         0.222

  1 18 4  24 DIAMOND HARBOUR-II         16     1088.29      75         0.082

  1 18 4  25 MATHURAPUR-I                0      883.87    1279         1.130

  1 18 5  27 KAKDWIP                    16      751.35     530         0.398

  1 18 5  28 NAMKHANA                    0      720.16    1081         0.778

  1 18 5  29 SAGAR                       0      720.16     243         0.175

  1 18 5  30 PATHARPRATIMA               0      720.16     104         0.075


  --------------------------------------------------------------------------------------------------------------------------------
    18    S.24-PARGANAS                 67      800.14    7052         5.643
  --------------------------------------------------------------------------------------------------------------------------------