          CROP: BORO     (17)                                                   PAGE NO:    18

                              BLOCK WISE YIELD RATE,AREA AND PRODUCTION OF  SUMMER CROPS, 2015-16
  --------------------------------------------------------------------------------------------------------------------------------
  D-DT-SD BLK BLOCK NAME              NCCE    DRY YR     AREA       DRY PRODN   YR CLRICE   PRODN CLRICE
                                             (kg/hec)    (hec)    (000 tonnes)  (kg/hec)    (000 tonnes)
  --------------------------------------------------------------------------------------------------------------------------------
  1 18 1  02 BISHNUPUR-I                38     4806.17    4852        23.320     3204.11       15.546

  1 18 1  03 BISHNUPUR-II               44     4643.90     777         3.608     3095.93        2.406

  1 18 1  04 BUDGE-BUDGE-I              20     4869.78     170         0.828     3246.52        0.552

  1 18 1  05 BUDGE-BUDGE-II             44     5226.61    3075        16.072     3484.41       10.715

  1 18 1  06 THAKURPUKUR-MAHESHTA        0     4976.73     113         0.562     3317.82        0.375

  1 18 2  07 SONARPUR                   20     5431.60     140         0.760     3621.07        0.507

  1 18 2  08 JAYNAGAR-I                 46     5498.82     828         4.553     3665.88        3.035

  1 18 2  09 JAYNAGAR-II                20     5309.35    1737         9.222     3539.57        6.148

  1 18 2  10 KULTALI                    36     5544.92     643         3.565     3696.61        2.377

  1 18 2  11 BARUIPUR                   66     5853.19    4386        25.672     3902.13       17.115

  1 18 2  12 BHANGORE-I                 36     4760.10    6320        30.084     3173.40       20.056

  1 18 2  13 BHANGORE-II                40     4746.76    4855        23.046     3164.51       15.364

  1 18 3  14 CANNING-I                  40     5157.23    3514        18.123     3438.15       12.082

  1 18 3  15 CANNING-II                  0     4885.96    5084        24.840     3257.31       16.560

  1 18 3  16 BASANTI                    52     4708.20    4886        23.004     3138.80       15.336

  1 18 3  17 GOSABA                     56     4940.83    2205        10.895     3293.89        7.263

  1 18 4  18 MOGRAHAT-I                 20     4010.84    3822        15.329     2673.89       10.220

  1 18 4  19 MOGRAHAT-II                56     6329.35    3637        23.020     4219.57       15.347

  1 18 4  20 MANDIRBAZAR                20     5840.64     416         2.430     3893.76        1.620

  1 18 4  21 KULPI                      56     4048.39    5485        22.205     2698.93       14.804

  1 18 4  22 FALTA                      52     5210.70     288         1.501     3473.80        1.000

  1 18 4  23 DIAMOND HARBOUR-I          32     4239.99    1483         6.288     2826.66        4.192

  1 18 4  24 DIAMOND HARBOUR-II         32     4138.50     687         2.843     2759.00        1.895

  1 18 4  25 MATHURAPUR-I               40     5690.81    2397        13.641     3793.87        9.094
          CROP: BORO     (17)                                                   PAGE NO:    19

                              BLOCK WISE YIELD RATE,AREA AND PRODUCTION OF  SUMMER CROPS, 2015-16
  --------------------------------------------------------------------------------------------------------------------------------
  D-DT-SD BLK BLOCK NAME              NCCE    DRY YR     AREA       DRY PRODN   YR CLRICE   PRODN CLRICE
                                             (kg/hec)    (hec)    (000 tonnes)  (kg/hec)    (000 tonnes)
  --------------------------------------------------------------------------------------------------------------------------------
  1 18 4  26 MATHURAPUR-II              44     4782.43     816         3.902     3188.29        2.602

  1 18 5  27 KAKDWIP                    16     5240.65    1372         7.190     3493.77        4.793

  1 18 5  28 NAMKHANA                   16     5307.50     979         5.196     3538.33        3.464

  1 18 5  29 SAGAR                      18     5098.51     249         1.270     3399.01        0.846

  1 18 5  30 PATHARPRATIMA               0     5255.12    3172        16.669     3503.41       11.113


  --------------------------------------------------------------------------------------------------------------------------------
    18    S.24-PARGANAS                960     4966.35   68388       339.639     3310.90      226.426
  --------------------------------------------------------------------------------------------------------------------------------