          CROP: MUSUR    (09)                                                   PAGE NO:    19

                              BLOCK WISE YIELD RATE,AREA AND PRODUCTION OF  RABI   CROPS, 2015-16
  --------------------------------------------------------------------------------------------------------------------------------
  D-DT-SD BLK BLOCK NAME              NCCE    DRY YR     AREA       DRY PRODN
                                             (kg/hec)    (hec)    (000 tonnes)
  --------------------------------------------------------------------------------------------------------------------------------
  1 18 1  03 BISHNUPUR-II                0      672.73      45         0.030

  1 18 2  07 SONARPUR                    4     1031.78       7         0.007

  1 18 2  11 BARUIPUR                   16      152.91      15         0.002

  1 18 2  12 BHANGORE-I                 18     1420.69      52         0.074

  1 18 2  13 BHANGORE-II                10      535.16      14         0.007

  1 18 3  15 CANNING-II                  0      672.73     165         0.111

  1 18 4  18 MAGRAHAT-I                 16      371.15      12         0.004

  1 18 4  19 MAGRAHAT-II                 6      754.80       9         0.007

  1 18 4  23 DIAMOND HARBOUR-I          17      490.20     140         0.069

  1 18 4  24 DIAMOND HARBOUR-II         12      303.80       1         0.000

  1 18 4  25 MATHURAPUR-I                0      477.09       2         0.001

  1 18 5  27 KAKDWIP                     0      672.73     110         0.074

  1 18 5  28 NAMKHANA                    0      672.73     140         0.094


  --------------------------------------------------------------------------------------------------------------------------------
    18    S.24-PARGANAS                 99      676.23     712         0.481
  --------------------------------------------------------------------------------------------------------------------------------