          CROP: GRAM     (08)                                                   PAGE NO:     5

                              BLOCK WISE YIELD RATE,AREA AND PRODUCTION OF  RABI   CROPS, 2015-16
  --------------------------------------------------------------------------------------------------------------------------------
  D-DT-SD BLK BLOCK NAME              NCCE    DRY YR     AREA       DRY PRODN
                                             (kg/hec)    (hec)    (000 tonnes)
  --------------------------------------------------------------------------------------------------------------------------------
  1 07 1  01 BERHAMPUR                  16      371.41    1014         0.377

  1 07 1  02 HARIHARPARA                18      356.28     475         0.169

  1 07 1  03 NAODA                      18      407.01     317         0.129

  1 07 1  04 BELDANGA-I                  2      365.47     731         0.267

  1 07 1  05 BELDANGA-II                18      531.12     722         0.383

  1 07 2  06 KHARGRAM                   12      838.43       3         0.003

  1 07 2  07 KANDI                      14      595.84     117         0.070

  1 07 2  08 BHARATPUR-I                17      529.13     189         0.100

  1 07 2  09 BHARATPUR-II                0      646.59     644         0.416

  1 07 2  10 BURWAN                      7      732.32     245         0.179

  1 07 3  11 SAMSERGANJ                  0      557.38      37         0.021

  1 07 3  12 FARAKKA                    16      980.09      37         0.036

  1 07 3  13 SUTI-I                     10      310.33      34         0.011

  1 07 3  14 SUTI-II                    16      377.17     166         0.063

  1 07 3  15 RAGHUNATHGANJ-I            16      608.77     104         0.063

  1 07 3  16 RAGHUNATHGANJ-II           16      648.81      69         0.045

  1 07 3  17 SAGARDIGHI                 17      752.31      63         0.047

  1 07 4  18 LALGOLA                    17      545.34     120         0.065

  1 07 4  19 BHAGAWANGOLA-I             16      304.43     392         0.119

  1 07 4  20 BHAGAWANGOLA-II            19      659.17     157         0.103

  1 07 4  21 NABAGRAM                   18      626.56       1         0.001

  1 07 4  22 MSD.-JIAGANJ               16      705.91     613         0.433

  1 07 5  23 DOMKAL                      0      913.55     283         0.259

  1 07 5  24 JALANGI                    18      865.73     169         0.146
          CROP: GRAM     (08)                                                   PAGE NO:     6

                              BLOCK WISE YIELD RATE,AREA AND PRODUCTION OF  RABI   CROPS, 2015-16
  --------------------------------------------------------------------------------------------------------------------------------
  D-DT-SD BLK BLOCK NAME              NCCE    DRY YR     AREA       DRY PRODN
                                             (kg/hec)    (hec)    (000 tonnes)
  --------------------------------------------------------------------------------------------------------------------------------
  1 07 5  25 RANINAGAR-I                 5      908.92     390         0.354

  1 07 5  26 RANINAGAR-II               16     1088.30      79         0.086


  --------------------------------------------------------------------------------------------------------------------------------
    07    MURSHIDABAD                  338      550.27    7171         3.946
  --------------------------------------------------------------------------------------------------------------------------------