          CROP: BORO     (17)                                                   PAGE NO:     7

                              BLOCK WISE YIELD RATE,AREA AND PRODUCTION OF  SUMMER CROPS, 2015-16
  --------------------------------------------------------------------------------------------------------------------------------
  D-DT-SD BLK BLOCK NAME              NCCE    DRY YR     AREA       DRY PRODN   YR CLRICE   PRODN CLRICE
                                             (kg/hec)    (hec)    (000 tonnes)  (kg/hec)    (000 tonnes)
  --------------------------------------------------------------------------------------------------------------------------------
  1 07 1  01 BERHAMPUR                  68     5726.07   11200        64.132     3817.38       42.755

  1 07 1  02 HARIHARPARA                40     6133.36    6945        42.596     4088.91       28.397

  1 07 1  03 NAODA                       0     5759.00    2326        13.395     3839.33        8.930

  1 07 1  04 BELDANGA-I                 48     5716.59    3627        20.734     3811.06       13.823

  1 07 1  05 BELDANGA-II                42     5568.62    4525        25.198     3712.41       16.799

  1 07 2  06 KHARGRAM                   48     6026.40   18409       110.940     4017.60       73.960

  1 07 2  07 KANDI                      40     5511.67    8045        44.341     3674.45       29.561

  1 07 2  08 BHARATPUR-I                20     5918.50    9254        54.770     3945.67       36.513

  1 07 2  09 BHARATPUR-II               20     5904.36   10835        63.974     3936.24       42.649

  1 07 2  10 BURWAN                      0     5898.79   13116        77.369     3932.53       51.579

  1 07 3  12 FARAKKA                     8     4477.65     404         1.809     2985.10        1.206

  1 07 3  13 SUTI-I                     20     4668.54    2044         9.542     3112.36        6.362

  1 07 3  15 RAGHUNATHGANJ-I            24     4277.55    4227        18.081     2851.70       12.054

  1 07 3  16 RAGHUNATHGANJ-II            8     4127.69     178         0.735     2751.79        0.490

  1 07 3  17 SAGARDIGHI                  0     4428.43   12639        55.971     2952.29       37.314

  1 07 4  18 LALGOLA                    20     4780.24     776         3.709     3186.83        2.473

  1 07 4  19 BHAGAWANGOLA-I             20     5627.10     446         2.510     3751.40        1.673

  1 07 4  20 BHAGAWANGOLA-II             0     4538.96     645         2.928     3025.97        1.952

  1 07 4  21 NABAGRAM                   20     4400.02   18445        81.158     2933.35       54.106

  1 07 4  22 MSD.-JIAGANJ               32     6420.77    1410         9.053     4280.51        6.036

  1 07 5  23 DOMKAL                     48     6550.10    3017        19.762     4366.73       13.174

  1 07 5  24 JALANGI                    40     5665.56    2938        16.645     3777.04       11.097

  1 07 5  25 RANINAGAR-I                24     6052.15    1775        10.743     4034.77        7.162

  1 07 5  26 RANINAGAR-II                0     6047.96    2851        17.243     4031.97       11.495


  --------------------------------------------------------------------------------------------------------------------------------
    07    MURSHIDABAD                  590     5477.97  140077       767.338     3651.98      511.559
  --------------------------------------------------------------------------------------------------------------------------------