          CROP: SUGARCANE(16)                                                   PAGE NO:     6

                              BLOCK WISE YIELD RATE,AREA AND PRODUCTION OF  RABI   CROPS, 2015-16
  --------------------------------------------------------------------------------------------------------------------------------
  D-DT-SD BLK BLOCK NAME              NCCE    DRY YR     AREA       DRY PRODN
                                             (kg/hec)    (hec)    (000 tonnes)
  --------------------------------------------------------------------------------------------------------------------------------
  1 07 1  01 BERHAMPUR                   2    60751.56      37         2.248

  1 07 1  02 HARIHARPARA                 1    62217.75      16         0.995

  1 07 1  03 NAODA                       7    49047.43      10         0.490

  1 07 1  04 BELDANGA-I                  0    62235.87     115         7.157

  1 07 1  05 BELDANGA-II                19    63013.06     560        35.287

  1 07 2  06 KHARGRAM                   16    64372.65      49         3.154

  1 07 2  07 KANDI                       9    94887.73      83         7.876

  1 07 2  08 BHARATPUR-I                16    65118.95     136         8.856

  1 07 2  09 BHARATPUR-II                3    76734.57     394        30.233

  1 07 2  10 BURWAN                     16    66913.58     102         6.825

  1 07 3  11 SAMSERGANJ                  0    62166.98     148         9.201

  1 07 3  12 FARAKKA                    12    62166.98       4         0.249

  1 07 3  13 SUTI-I                      0    62166.98      16         0.995

  1 07 3  15 RAGHUNATHGANJ-I             0    62166.98       1         0.062

  1 07 3  16 RAGHUNATHGANJ-II            0    62166.98     141         8.766

  1 07 3  17 SAGARDIGHI                  0    62166.98      16         0.995

  1 07 4  18 LALGOLA                     0    59650.99       1         0.060

  1 07 4  20 BHAGAWANGOLA-II             0    59650.99     151         9.007

  1 07 4  21 NABAGRAM                   10    59650.99      37         2.207

  1 07 4  22 MSD.-JIAGANJ                0    59650.99      20         1.193

  1 07 5  23 DOMKAL                      0    69525.12      64         4.450

  1 07 5  24 JALANGI                     0    69525.12     251        17.451

  1 07 5  25 RANINAGAR-I                 0    69525.12      44         3.059


  --------------------------------------------------------------------------------------------------------------------------------
    07    MURSHIDABAD                  111    67118.51    2396       160.816
  --------------------------------------------------------------------------------------------------------------------------------