          CROP: WHEAT    (06)                                                   PAGE NO:     7

                              BLOCK WISE YIELD RATE,AREA AND PRODUCTION OF  RABI   CROPS, 2015-16
  --------------------------------------------------------------------------------------------------------------------------------
  D-DT-SD BLK BLOCK NAME              NCCE    DRY YR     AREA       DRY PRODN
                                             (kg/hec)    (hec)    (000 tonnes)
  --------------------------------------------------------------------------------------------------------------------------------
  1 07 1  01 BERHAMPUR                  18     1417.64    7935        11.249

  1 07 1  02 HARIHARPARA                18     1618.22   12053        19.504

  1 07 1  03 NAODA                      20     1025.22    4584         4.700

  1 07 1  04 BELDANGA-I                 16     1480.30    3928         5.815

  1 07 1  05 BELDANGA-II                18     1899.36    3810         7.237

  1 07 2  06 KHARGRAM                   16     2107.13    4212         8.875

  1 07 2  07 KANDI                      16     1978.43    1294         2.560

  1 07 2  08 BHARATPUR-I                11     1942.46    2575         5.002

  1 07 2  09 BHARATPUR-II                0     1948.25    1276         2.486

  1 07 2  10 BURWAN                     17     1602.50    1021         1.636

  1 07 3  11 SAMSERGANJ                 16     2939.73     592         1.740

  1 07 3  12 FARAKKA                    16     1851.08     722         1.336

  1 07 3  13 SUTI-I                     16     2153.79    2332         5.023

  1 07 3  14 SUTI-II                    16     2914.50    1502         4.378

  1 07 3  15 RAGHUNATHGANJ-I            16     2575.16    2095         5.395

  1 07 3  16 RAGHUNATHGANJ-II           16     2439.57    2184         5.328

  1 07 3  17 SAGARDIGHI                 18     2224.09    6662        14.817

  1 07 4  18 LALGOLA                    17     2404.35    3165         7.610

  1 07 4  19 BHAGAWANGOLA-I             16     2416.29    4362        10.540

  1 07 4  20 BHAGAWANGOLA-II            18     2102.06    2670         5.613

  1 07 4  21 NABAGRAM                   19     2333.64    3377         7.881

  1 07 4  22 MSD.-JIAGANJ               16     1908.02    4977         9.496

  1 07 5  23 DOMKAL                     18     1552.00   13180        20.455

  1 07 5  24 JALANGI                    20     1788.86   14026        25.091
          CROP: WHEAT    (06)                                                   PAGE NO:     8

                              BLOCK WISE YIELD RATE,AREA AND PRODUCTION OF  RABI   CROPS, 2015-16
  --------------------------------------------------------------------------------------------------------------------------------
  D-DT-SD BLK BLOCK NAME              NCCE    DRY YR     AREA       DRY PRODN
                                             (kg/hec)    (hec)    (000 tonnes)
  --------------------------------------------------------------------------------------------------------------------------------
  1 07 5  25 RANINAGAR-I                20     2232.40    5589        12.477

  1 07 5  26 RANINAGAR-II               16     1504.18    7379        11.099


  --------------------------------------------------------------------------------------------------------------------------------
    07    MURSHIDABAD                  424     1849.68  117502       217.342
  --------------------------------------------------------------------------------------------------------------------------------