          CROP: MUSUR    (09)                                                   PAGE NO:     7

                              BLOCK WISE YIELD RATE,AREA AND PRODUCTION OF  RABI   CROPS, 2015-16
  --------------------------------------------------------------------------------------------------------------------------------
  D-DT-SD BLK BLOCK NAME              NCCE    DRY YR     AREA       DRY PRODN
                                             (kg/hec)    (hec)    (000 tonnes)
  --------------------------------------------------------------------------------------------------------------------------------
  1 07 1  01 BERHAMPUR                  18      314.43    2273         0.715

  1 07 1  02 HARIHARPARA                18      405.96    2132         0.866

  1 07 1  03 NAODA                      20      408.75    1597         0.653

  1 07 1  04 BELDANGA-I                 16      449.48    1985         0.892

  1 07 1  05 BELDANGA-II                18      400.89     729         0.292

  1 07 2  06 KHARGRAM                   16      451.93       4         0.002

  1 07 2  07 KANDI                      16      216.52     694         0.150

  1 07 2  08 BHARATPUR-I                18      258.97     136         0.035

  1 07 2  09 BHARATPUR-II               16      391.03     501         0.196

  1 07 2  10 BURWAN                     16      223.44     172         0.038

  1 07 3  11 SAMSERGANJ                 16      469.67     207         0.097

  1 07 3  12 FARAKKA                    16      437.48     754         0.330

  1 07 3  13 SUTI-I                     16      427.08    1998         0.853

  1 07 3  14 SUTI-II                    16      403.30    1610         0.649

  1 07 3  15 RAGHUNATHGANJ-I            16      459.55     341         0.157

  1 07 3  16 RAGHUNATHGANJ-II           16      511.43     162         0.083

  1 07 3  17 SAGARDIGHI                 17      539.66    1623         0.876

  1 07 4  18 LALGOLA                    17      668.78     117         0.078

  1 07 4  19 BHAGAWANGOLA-I             16      419.92     637         0.267

  1 07 4  20 BHAGAWANGOLA-II            17      647.65     216         0.140

  1 07 4  21 NABAGRAM                   17      594.29     305         0.181

  1 07 4  22 MSD.-JIAGANJ               16      604.09    1156         0.698

  1 07 5  23 DOMKAL                     17      509.77    3079         1.570

  1 07 5  24 JALANGI                    18      819.69     725         0.594
          CROP: MUSUR    (09)                                                   PAGE NO:     8

                              BLOCK WISE YIELD RATE,AREA AND PRODUCTION OF  RABI   CROPS, 2015-16
  --------------------------------------------------------------------------------------------------------------------------------
  D-DT-SD BLK BLOCK NAME              NCCE    DRY YR     AREA       DRY PRODN
                                             (kg/hec)    (hec)    (000 tonnes)
  --------------------------------------------------------------------------------------------------------------------------------
  1 07 5  25 RANINAGAR-I                18      998.75     351         0.351

  1 07 5  26 RANINAGAR-II               17      589.13    1318         0.776


  --------------------------------------------------------------------------------------------------------------------------------
    07    MURSHIDABAD                  438      464.92   24822        11.540
  --------------------------------------------------------------------------------------------------------------------------------