          CROP: TIL      (18)                                                   PAGE NO:     7

                              BLOCK WISE YIELD RATE,AREA AND PRODUCTION OF  SUMMER CROPS, 2015-16
  --------------------------------------------------------------------------------------------------------------------------------
  D-DT-SD BLK BLOCK NAME              NCCE    DRY YR     AREA       DRY PRODN
                                             (kg/hec)    (hec)    (000 tonnes)
  --------------------------------------------------------------------------------------------------------------------------------
  1 07 1  01 BERHAMPUR                  18      705.67    1224         0.864

  1 07 1  02 HARIHARPARA                18      630.91    3551         2.240

  1 07 1  03 NAODA                      19      679.82     383         0.260

  1 07 1  04 BELDANGA-I                 16      566.07      68         0.038

  1 07 1  05 BELDANGA-II                19      709.34     153         0.109

  1 07 2  06 KHARGRAM                   18      702.07     633         0.444

  1 07 2  07 KANDI                      16      698.77     390         0.273

  1 07 2  08 BHARATPUR-I                17      678.13    4287         2.907

  1 07 2  09 BHARATPUR-II               16      223.65     441         0.099

  1 07 2  10 BURWAN                     18      698.78    1846         1.290

  1 07 3  12 FARAKKA                     0      656.67      14         0.009

  1 07 3  13 SUTI-I                     16      578.18      35         0.020

  1 07 3  14 SUTI-II                     8      475.07      47         0.022

  1 07 3  15 RAGHUNATHGANJ-I            16      609.40     254         0.155

  1 07 3  16 RAGHUNATHGANJ-II           16      533.19      80         0.043

  1 07 3  17 SAGARDIGHI                 18      670.41     352         0.236

  1 07 4  18 LALGOLA                    17     1172.67    1414         1.658

  1 07 4  19 BHAGAWANGOLA-I             16     1009.60     265         0.268

  1 07 4  20 BHAGAWANGOLA-II            17      915.91     310         0.284

  1 07 4  21 NABAGRAM                   17      951.79     257         0.245

  1 07 4  22 MSD.-JIAGANJ               16      859.12     980         0.842

  1 07 5  23 DOMKAL                     19      530.65    1623         0.861

  1 07 5  24 JALANGI                    20      776.09     400         0.310

  1 07 5  25 RANINAGAR-I                18     1090.89    1384         1.510
          CROP: TIL      (18)                                                   PAGE NO:     8

                              BLOCK WISE YIELD RATE,AREA AND PRODUCTION OF  SUMMER CROPS, 2015-16
  --------------------------------------------------------------------------------------------------------------------------------
  D-DT-SD BLK BLOCK NAME              NCCE    DRY YR     AREA       DRY PRODN
                                             (kg/hec)    (hec)    (000 tonnes)
  --------------------------------------------------------------------------------------------------------------------------------
  1 07 5  26 RANINAGAR-II               18      914.94     649         0.594


  --------------------------------------------------------------------------------------------------------------------------------
    07    MURSHIDABAD                  407      740.53   21040        15.581
  --------------------------------------------------------------------------------------------------------------------------------