          CROP: MASKALAI (10)                                                   PAGE NO:     7

                              BLOCK WISE YIELD RATE,AREA AND PRODUCTION OF  WINTER CROPS, 2015-16
  --------------------------------------------------------------------------------------------------------------------------------
  D-DT-SD BLK BLOCK NAME              NCCE    DRY YR     AREA       DRY PRODN
                                             (kg/hec)    (hec)    (000 tonnes)
  --------------------------------------------------------------------------------------------------------------------------------
  1 07 1  01 BERHAMPUR                  18      468.88    1069         0.501

  1 07 1  02 HARIHARPARA                14      401.52     730         0.293

  1 07 1  03 NAODA                      18      482.04     629         0.303

  1 07 1  04 BELDANGA-I                 16      359.71     572         0.206

  1 07 1  05 BELDANGA-II                18      496.65     146         0.073

  1 07 2  06 KHARGRAM                   16      557.00      12         0.007

  1 07 2  07 KANDI                      10      557.90      17         0.009

  1 07 2  08 BHARATPUR-I                 4      491.65      30         0.015

  1 07 2  09 BHARATPUR-II                0      498.76      15         0.007

  1 07 2  10 BURWAN                      7      264.50       1         0.000

  1 07 3  12 FARAKKA                     0      250.31     138         0.035

  1 07 3  13 SUTI-I                      8      115.52     283         0.033

  1 07 3  14 SUTI-II                     0      250.31     218         0.055

  1 07 3  15 RAGHUNATHGANJ-I            12      292.60     236         0.069

  1 07 3  16 RAGHUNATHGANJ-II           16      333.83     169         0.056

  1 07 3  17 SAGARDIGHI                  6     1421.23      12         0.017

  1 07 4  18 LALGOLA                    17      906.92     114         0.103

  1 07 4  19 BHAGAWANGOLA-I             18      654.50     185         0.121

  1 07 4  20 BHAGAWANGOLA-II            16     1616.07     220         0.356

  1 07 4  21 NABAGRAM                    3     1086.49       1         0.001

  1 07 4  22 MSD.-JIAGANJ               16     1242.90     468         0.582

  1 07 5  23 DOMKAL                     17      922.21    1643         1.515

  1 07 5  24 JALANGI                    18      959.69    6579         6.314

  1 07 5  25 RANINAGAR-I                19      893.05     419         0.374
          CROP: MASKALAI (10)                                                   PAGE NO:     8

                              BLOCK WISE YIELD RATE,AREA AND PRODUCTION OF  WINTER CROPS, 2015-16
  --------------------------------------------------------------------------------------------------------------------------------
  D-DT-SD BLK BLOCK NAME              NCCE    DRY YR     AREA       DRY PRODN
                                             (kg/hec)    (hec)    (000 tonnes)
  --------------------------------------------------------------------------------------------------------------------------------
  1 07 5  26 RANINAGAR-II               18     1090.45    1307         1.425


  --------------------------------------------------------------------------------------------------------------------------------
    07    MURSHIDABAD                  305      819.69   15213        12.470
  --------------------------------------------------------------------------------------------------------------------------------