          CROP: MUSTARD  (15)                                                   PAGE NO:     7

                              BLOCK WISE YIELD RATE,AREA AND PRODUCTION OF  RABI   CROPS, 2015-16
  --------------------------------------------------------------------------------------------------------------------------------
  D-DT-SD BLK BLOCK NAME              NCCE    DRY YR     AREA       DRY PRODN
                                             (kg/hec)    (hec)    (000 tonnes)
  --------------------------------------------------------------------------------------------------------------------------------
  1 07 1  01 BERHAMPUR                  18      981.52    6943         6.815

  1 07 1  02 HARIHARPARA                18     1258.16    5334         6.711

  1 07 1  03 NAODA                      20     1194.82    3020         3.608

  1 07 1  04 BELDANGA-I                 18     1135.01    3699         4.198

  1 07 1  05 BELDANGA-II                19     1227.62    6677         8.197

  1 07 2  06 KHARGRAM                   17      978.97    3929         3.846

  1 07 2  07 KANDI                      16     1099.09    2608         2.866

  1 07 2  08 BHARATPUR-I                16     1547.35    3652         5.651

  1 07 2  09 BHARATPUR-II               16     1041.97    2862         2.982

  1 07 2  10 BURWAN                     16     1198.10    1961         2.349

  1 07 3  11 SAMSERGANJ                 16     1107.49     543         0.601

  1 07 3  12 FARAKKA                    18     1077.39     758         0.817

  1 07 3  13 SUTI-I                     16     1081.46    1868         2.020

  1 07 3  14 SUTI-II                    16     1117.17    2057         2.298

  1 07 3  15 RAGHUNATHGANJ-I            16      892.55    3695         3.298

  1 07 3  16 RAGHUNATHGANJ-II           16     1047.90     821         0.860

  1 07 3  17 SAGARDIGHI                 16      896.41    4423         3.965

  1 07 4  18 LALGOLA                    17     1305.21    3700         4.829

  1 07 4  19 BHAGAWANGOLA-I             17     1148.21    4252         4.882

  1 07 4  20 BHAGAWANGOLA-II            18     1307.40    1911         2.498

  1 07 4  21 NABAGRAM                   16     1246.99    8320        10.375

  1 07 4  22 MSD.-JIAGANJ               16     1210.24    6263         7.580

  1 07 5  23 DOMKAL                     19     1294.16    7521         9.733

  1 07 5  24 JALANGI                    18     1405.95     452         0.635
          CROP: MUSTARD  (15)                                                   PAGE NO:     8

                              BLOCK WISE YIELD RATE,AREA AND PRODUCTION OF  RABI   CROPS, 2015-16
  --------------------------------------------------------------------------------------------------------------------------------
  D-DT-SD BLK BLOCK NAME              NCCE    DRY YR     AREA       DRY PRODN
                                             (kg/hec)    (hec)    (000 tonnes)
  --------------------------------------------------------------------------------------------------------------------------------
  1 07 5  25 RANINAGAR-I                19     1373.66    5440         7.473

  1 07 5  26 RANINAGAR-II               17     1177.03    2497         2.939


  --------------------------------------------------------------------------------------------------------------------------------
    07    MURSHIDABAD                  445     1176.70   95206       112.029
  --------------------------------------------------------------------------------------------------------------------------------