          CROP: AUS      (02)                                                   PAGE NO:     7

                              BLOCK WISE YIELD RATE,AREA AND PRODUCTION OF  BHADUI CROPS, 2015-16
  --------------------------------------------------------------------------------------------------------------------------------
  D-DT-SD BLK BLOCK NAME              NCCE    DRY YR     AREA       DRY PRODN   YR CLRICE   PRODN CLRICE
                                             (kg/hec)    (hec)    (000 tonnes)  (kg/hec)    (000 tonnes)
  --------------------------------------------------------------------------------------------------------------------------------
  1 07 1  01 BERHAMPUR                  18     3636.57     166         0.604     2424.38        0.402

  1 07 1  02 HARIHARPARA                18     4093.38     847         3.467     2728.92        2.311

  1 07 1  03 NAODA                      20     4027.49     222         0.894     2684.99        0.596

  1 07 1  04 BELDANGA-I                 14     3936.58     834         3.283     2624.39        2.189

  1 07 1  05 BELDANGA-II                19     3928.32     262         1.029     2618.88        0.686

  1 07 2  06 KHARGRAM                   16     4411.25    1102         4.861     2940.83        3.241

  1 07 2  07 KANDI                      16     4748.70    1847         8.771     3165.80        5.847

  1 07 2  08 BHARATPUR-I                10     3626.50     163         0.591     2417.67        0.394

  1 07 2  09 BHARATPUR-II                0     4475.41     105         0.470     2983.61        0.313

  1 07 2  10 BURWAN                     17     4041.07     615         2.485     2694.05        1.657

  1 07 3  11 SAMSERGANJ                  0     2319.49      99         0.230     1546.33        0.153

  1 07 3  12 FARAKKA                    14     1920.88     125         0.240     1280.59        0.160

  1 07 3  13 SUTI-I                      6     2484.05      41         0.102     1656.03        0.068

  1 07 3  14 SUTI-II                     0     2319.49     279         0.647     1546.33        0.431

  1 07 3  15 RAGHUNATHGANJ-I             0     2319.49      70         0.162     1546.33        0.108

  1 07 3  16 RAGHUNATHGANJ-II            0     2319.49     106         0.246     1546.33        0.164

  1 07 3  17 SAGARDIGHI                 10     2634.81     135         0.356     1756.54        0.237

  1 07 4  18 LALGOLA                     0     3916.93     256         1.003     2611.29        0.668

  1 07 4  19 BHAGAWANGOLA-I             16     3681.14    1142         4.204     2454.09        2.803

  1 07 4  20 BHAGAWANGOLA-II            16     3838.84    1104         4.238     2559.23        2.825

  1 07 4  21 NABAGRAM                   18     3605.78     136         0.490     2403.85        0.327

  1 07 4  22 MSD.-JIAGANJ               16     4308.56    1484         6.394     2872.37        4.263

  1 07 5  23 DOMKAL                     18     3484.36     171         0.596     2322.91        0.397

  1 07 5  24 JALANGI                    17     3841.17    1171         4.498     2560.78        2.999
          CROP: AUS      (02)                                                   PAGE NO:     8

                              BLOCK WISE YIELD RATE,AREA AND PRODUCTION OF  BHADUI CROPS, 2015-16
  --------------------------------------------------------------------------------------------------------------------------------
  D-DT-SD BLK BLOCK NAME              NCCE    DRY YR     AREA       DRY PRODN   YR CLRICE   PRODN CLRICE
                                             (kg/hec)    (hec)    (000 tonnes)  (kg/hec)    (000 tonnes)
  --------------------------------------------------------------------------------------------------------------------------------
  1 07 5  25 RANINAGAR-I                16     4597.53    1979         9.099     3065.02        6.066

  1 07 5  26 RANINAGAR-II               17     3866.81    1683         6.508     2577.87        4.339


  --------------------------------------------------------------------------------------------------------------------------------
    07    MURSHIDABAD                  312     4055.21   16144        65.467     2703.47       43.645
  --------------------------------------------------------------------------------------------------------------------------------