        CROP: AMAN     (05)                                                   PAGE NO:     7

                              BLOCK WISE YIELD RATE,AREA AND PRODUCTION OF  WINTER CROPS, 2015-16
  --------------------------------------------------------------------------------------------------------------------------------
  D-DT-SD BLK BLOCK NAME              NCCE    DRY YR     AREA       DRY PRODN   YR CLRICE   PRODN CLRICE
                                             (kg/hec)    (hec)    (000 tonnes)  (kg/hec)    (000 tonnes)
  --------------------------------------------------------------------------------------------------------------------------------
  1 07 1  01 BERHAMPUR                  20     4607.31   10143        46.732     3071.54       31.155

  1 07 1  02 HARIHARPARA                16     5501.01   10651        58.591     3667.34       39.061

  1 07 1  03 NAODA                       0     4692.29    5491        25.765     3128.19       17.177

  1 07 1  04 BELDANGA-I                 52     5632.41    8288        46.681     3754.94       31.121

  1 07 1  05 BELDANGA-II                42     3398.14   11736        39.881     2265.43       26.587

  1 07 2  06 KHARGRAM                   20     5227.33   23789       124.353     3484.89       82.902

  1 07 2  07 KANDI                      40     4465.04   14068        62.814     2976.69       41.876

  1 07 2  08 BHARATPUR-I                32     4994.21   13516        67.502     3329.47       45.001

  1 07 2  09 BHARATPUR-II               28     5899.01   11376        67.107     3932.67       44.738

  1 07 2  10 BURWAN                      0     5185.68   20062       104.035     3457.12       69.357

  1 07 3  11 SAMSERGANJ                 12     4776.86     294         1.404     3184.57        0.936

  1 07 3  12 FARAKKA                    12     2327.14     644         1.499     1551.43        0.999

  1 07 3  13 SUTI-I                     24     4156.21    4319        17.951     2770.81       11.967

  1 07 3  14 SUTI-II                     8     3802.04     240         0.912     2534.69        0.608

  1 07 3  15 RAGHUNATHGANJ-I            24     4499.94    9352        42.083     2999.96       28.056

  1 07 3  16 RAGHUNATHGANJ-II            0     4308.21     539         2.322     2872.14        1.548

  1 07 3  17 SAGARDIGHI                  0     4308.21   25571       110.165     2872.14       73.443

  1 07 4  18 LALGOLA                    17     4384.04    1992         8.733     2922.69        5.822

  1 07 4  19 BHAGAWANGOLA-I             20     4432.65    1503         6.662     2955.10        4.442

  1 07 4  20 BHAGAWANGOLA-II             0     3900.11    1493         5.823     2600.07        3.882

  1 07 4  21 NABAGRAM                   20     3797.35   22225        84.396     2531.57       56.264

  1 07 4  22 MSD.-JIAGANJ               20     3977.24    7840        31.182     2651.49       20.788

  1 07 5  23 DOMKAL                     52     4442.59   12018        53.391     2961.73       35.594

  1 07 5  24 JALANGI                     0     4435.33    5173        22.944     2956.89       15.296
          CROP: AMAN     (05)                                                   PAGE NO:     8

                              BLOCK WISE YIELD RATE,AREA AND PRODUCTION OF  WINTER CROPS, 2015-16
  --------------------------------------------------------------------------------------------------------------------------------
  D-DT-SD BLK BLOCK NAME              NCCE    DRY YR     AREA       DRY PRODN   YR CLRICE   PRODN CLRICE
                                             (kg/hec)    (hec)    (000 tonnes)  (kg/hec)    (000 tonnes)
  --------------------------------------------------------------------------------------------------------------------------------
  1 07 5  25 RANINAGAR-I                24     4673.93    1693         7.913     3115.95        5.275

  1 07 5  26 RANINAGAR-II                0     4435.33    2758        12.233     2956.89        8.155


  --------------------------------------------------------------------------------------------------------------------------------
    07    MURSHIDABAD                  483     4643.72  226774      1053.075     3095.81      702.050
  --------------------------------------------------------------------------------------------------------------------------------