          CROP: KHESARI  (12)                                                   PAGE NO:     7

                              BLOCK WISE YIELD RATE,AREA AND PRODUCTION OF  RABI   CROPS, 2015-16
  --------------------------------------------------------------------------------------------------------------------------------
  D-DT-SD BLK BLOCK NAME              NCCE    DRY YR     AREA       DRY PRODN
                                             (kg/hec)    (hec)    (000 tonnes)
  --------------------------------------------------------------------------------------------------------------------------------
  1 07 1  01 BERHAMPUR                  11      309.55    1578         0.488

  1 07 1  02 HARIHARPARA                14      449.88     260         0.117

  1 07 1  03 NAODA                      19      583.38     385         0.225

  1 07 1  04 BELDANGA-I                  3      220.92    1618         0.357

  1 07 1  05 BELDANGA-II                 8      438.55    2179         0.956

  1 07 2  06 KHARGRAM                    1      317.56       5         0.002

  1 07 2  07 KANDI                       4      700.18      12         0.008

  1 07 2  08 BHARATPUR-I                11     1464.73    1387         2.032

  1 07 2  10 BURWAN                      6      885.64    1329         1.177

  1 07 3  11 SAMSERGANJ                  2      669.99     386         0.259

  1 07 3  12 FARAKKA                    16      900.84    1496         1.348

  1 07 3  13 SUTI-I                     18      351.80    1518         0.534

  1 07 3  14 SUTI-II                     0      758.84    2067         1.569

  1 07 3  15 RAGHUNATHGANJ-I             0      758.84    2013         1.528

  1 07 3  16 RAGHUNATHGANJ-II           10      578.73      77         0.045

  1 07 3  17 SAGARDIGHI                  6      860.90    1731         1.490

  1 07 4  18 LALGOLA                    10      367.01     140         0.051

  1 07 4  19 BHAGAWANGOLA-I             12      460.65     236         0.109

  1 07 4  20 BHAGAWANGOLA-II             9      582.79    1689         0.984

  1 07 4  22 MSD.-JIAGANJ                0      568.85     127         0.072

  1 07 5  23 DOMKAL                      7      690.27     552         0.381

  1 07 5  24 JALANGI                     0      643.26    1288         0.829

  1 07 5  25 RANINAGAR-I                 0      643.26     195         0.125

  1 07 5  26 RANINAGAR-II                0      643.26    1736         1.117


  --------------------------------------------------------------------------------------------------------------------------------
    07    MURSHIDABAD                  167      658.27   24004        15.801
  --------------------------------------------------------------------------------------------------------------------------------