          CROP: MAIZE    (03)                                                   PAGE NO:     6

                              BLOCK WISE YIELD RATE,AREA AND PRODUCTION OF  BHADUI CROPS, 2015-16
  --------------------------------------------------------------------------------------------------------------------------------
  D-DT-SD BLK BLOCK NAME              NCCE    DRY YR     AREA       DRY PRODN
                                             (kg/hec)    (hec)    (000 tonnes)
  --------------------------------------------------------------------------------------------------------------------------------
  1 07 1  01 BERHAMPUR                   0     2663.11      64         0.170

  1 07 1  02 HARIHARPARA                 0     2663.11       9         0.024

  1 07 1  03 NAODA                       0     2663.11      23         0.061

  1 07 1  04 BELDANGA-I                  0     2663.11       4         0.011

  1 07 1  05 BELDANGA-II                 0     2663.11       1         0.003

  1 07 2  06 KHARGRAM                    0     2663.11      21         0.056

  1 07 2  07 KANDI                       0     2663.11       4         0.011

  1 07 2  08 BHARATPUR-I                 0     2663.11      74         0.197

  1 07 2  09 BHARATPUR-II                0     2663.11       3         0.008

  1 07 2  10 BURWAN                      0     2663.11      22         0.059

  1 07 3  11 SAMSERGANJ                  0     2663.11       2         0.005

  1 07 3  12 FARAKKA                     0     2663.11      31         0.083

  1 07 3  13 SUTI-I                      0     2663.11       1         0.003

  1 07 3  14 SUTI-II                     0     2663.11      48         0.128

  1 07 3  16 RAGHUNATHGANJ-II            0     2663.11     121         0.322

  1 07 3  17 SAGARDIGHI                  0     2663.11       1         0.003

  1 07 4  18 LALGOLA                     0     2663.11     306         0.815

  1 07 4  19 BHAGAWANGOLA-I              0     2663.11      46         0.123

  1 07 4  20 BHAGAWANGOLA-II             0     2663.11     216         0.575

  1 07 4  22 MSD.-JIAGANJ                0     2663.11      22         0.059

  1 07 5  23 DOMKAL                      0     2663.11      52         0.138

  1 07 5  24 JALANGI                     0     2663.11     122         0.325

  1 07 5  25 RANINAGAR-I                 0     2663.11      64         0.170


  --------------------------------------------------------------------------------------------------------------------------------
    07    MURSHIDABAD                    0     2663.11    1257         3.348
  --------------------------------------------------------------------------------------------------------------------------------