          CROP: TIL      (18)                                                   PAGE NO:     7

                              BLOCK WISE YIELD RATE,AREA AND PRODUCTION OF  SUMMER CROPS, 2014-15
  --------------------------------------------------------------------------------------------------------------------------------
  D-DT-SD BLK BLOCK NAME              NCCE    DRY YR     AREA       DRY PRODN
                                             (kg/hec)    (hec)    (000 tonnes)
  --------------------------------------------------------------------------------------------------------------------------------
  1 07 1  01 BERHAMPUR                  18      922.55    1545         1.425

  1 07 1  02 HARIHARPARA                18     1011.63    1769         1.790

  1 07 1  03 NAODA                      20      947.59    1613         1.528

  1 07 1  04 BELDANGA-I                 16      938.56     823         0.772

  1 07 1  05 BELDANGA-II                18      961.86     355         0.341

  1 07 2  06 KHARGRAM                   19      445.57     300         0.134

  1 07 2  07 KANDI                      16      804.60     732         0.589

  1 07 2  08 BHARATPUR-I                17      702.00     634         0.445

  1 07 2  09 BHARATPUR-II               17      550.16     593         0.326

  1 07 2  10 BURWAN                     18      641.19    1013         0.650

  1 07 3  12 FARAKKA                     8      740.67     202         0.150

  1 07 3  13 SUTI-I                     16     1066.80       1         0.001

  1 07 3  14 SUTI-II                    13      492.48       1         0.000

  1 07 3  15 RAGHUNATHGANJ-I            16      626.37     188         0.118

  1 07 3  16 RAGHUNATHGANJ-II           16      854.58     133         0.114

  1 07 3  17 SAGARDIGHI                 18      822.09     510         0.419

  1 07 4  18 LALGOLA                    17     1208.45     726         0.877

  1 07 4  19 BHAGAWANGOLA-I             16      639.69    1160         0.742

  1 07 4  20 BHAGAWANGOLA-II            16      767.77     722         0.554

  1 07 4  21 NABAGRAM                   16      792.76     211         0.167

  1 07 4  22 MSD.-JIAGANJ               19      886.16    1319         1.169

  1 07 5  23 DOMKAL                     18      915.43    2421         2.216

  1 07 5  24 JALANGI                    18     1144.08    1335         1.527

  1 07 5  25 RANINAGAR-I                18     1211.97    1627         1.972
          CROP: TIL      (18)                                                   PAGE NO:     8

                              BLOCK WISE YIELD RATE,AREA AND PRODUCTION OF  SUMMER CROPS, 2014-15
  --------------------------------------------------------------------------------------------------------------------------------
  D-DT-SD BLK BLOCK NAME              NCCE    DRY YR     AREA       DRY PRODN
                                             (kg/hec)    (hec)    (000 tonnes)
  --------------------------------------------------------------------------------------------------------------------------------
  1 07 5  26 RANINAGAR-II               19     1183.62     500         0.592


  --------------------------------------------------------------------------------------------------------------------------------
    07    MURSHIDABAD                  421      911.26   20433        18.620
  --------------------------------------------------------------------------------------------------------------------------------