          CROP: KHESARI  (12)                                                   PAGE NO:     7

                              BLOCK WISE YIELD RATE,AREA AND PRODUCTION OF  RABI   CROPS, 2014-15
  --------------------------------------------------------------------------------------------------------------------------------
  D-DT-SD BLK BLOCK NAME              NCCE    DRY YR     AREA       DRY PRODN
                                             (kg/hec)    (hec)    (000 tonnes)
  --------------------------------------------------------------------------------------------------------------------------------
  1 07 1  01 BERHAMPUR                   4     1000.51     143         0.143

  1 07 1  02 HARIHARPARA                14     1064.39     225         0.239

  1 07 1  03 NAODA                       6     1163.86    1590         1.851

  1 07 1  04 BELDANGA-I                  0     1064.38     426         0.453

  1 07 1  05 BELDANGA-II                12      746.66     354         0.264

  1 07 2  06 KHARGRAM                    0      585.89      95         0.056

  1 07 2  07 KANDI                       0      585.89     100         0.059

  1 07 2  08 BHARATPUR-I                 8      550.56     106         0.058

  1 07 2  09 BHARATPUR-II                0      585.89       7         0.004

  1 07 2  10 BURWAN                      8      991.29       9         0.009

  1 07 3  11 SAMSERGANJ                  6      535.76    1523         0.816

  1 07 3  12 FARAKKA                    16     1360.78     222         0.302

  1 07 3  13 SUTI-I                     18      531.50    1044         0.555

  1 07 3  14 SUTI-II                     5     1113.23    1401         1.560

  1 07 3  15 RAGHUNATHGANJ-I             0     1010.57     204         0.206

  1 07 3  16 RAGHUNATHGANJ-II            0     1010.57      33         0.033

  1 07 3  17 SAGARDIGHI                  0     1010.57       3         0.003

  1 07 4  18 LALGOLA                     7      430.58     146         0.063

  1 07 4  19 BHAGAWANGOLA-I              8     1246.15      38         0.047

  1 07 4  20 BHAGAWANGOLA-II             4      895.47       9         0.008

  1 07 4  21 NABAGRAM                    0      601.42      17         0.010

  1 07 4  22 MSD.-JIAGANJ                2      597.56     364         0.218

  1 07 5  23 DOMKAL                      4     1091.85     364         0.397

  1 07 5  24 JALANGI                     0     1071.96     193         0.207
          CROP: KHESARI  (12)                                                   PAGE NO:     8

                              BLOCK WISE YIELD RATE,AREA AND PRODUCTION OF  RABI   CROPS, 2014-15
  --------------------------------------------------------------------------------------------------------------------------------
  D-DT-SD BLK BLOCK NAME              NCCE    DRY YR     AREA       DRY PRODN
                                             (kg/hec)    (hec)    (000 tonnes)
  --------------------------------------------------------------------------------------------------------------------------------
  1 07 5  25 RANINAGAR-I                 0     1071.96      33         0.035

  1 07 5  26 RANINAGAR-II               11     1064.41     590         0.628


  --------------------------------------------------------------------------------------------------------------------------------
    07    MURSHIDABAD                  133      890.28    9239         8.225
  --------------------------------------------------------------------------------------------------------------------------------