          CROP: MAIZE    (03)                                                   PAGE NO:     6

                              BLOCK WISE YIELD RATE,AREA AND PRODUCTION OF  BHADUI CROPS, 2014-15
  --------------------------------------------------------------------------------------------------------------------------------
  D-DT-SD BLK BLOCK NAME              NCCE    DRY YR     AREA       DRY PRODN
                                             (kg/hec)    (hec)    (000 tonnes)
  --------------------------------------------------------------------------------------------------------------------------------
  1 07 1  01 BERHAMPUR                   0     6335.14     118         0.748

  1 07 1  02 HARIHARPARA                 0     6335.14       4         0.025

  1 07 2  06 KHARGRAM                    0     6335.14      40         0.253

  1 07 2  07 KANDI                       0     6335.14      10         0.063

  1 07 2  08 BHARATPUR-I                 0     6335.14      74         0.469

  1 07 2  09 BHARATPUR-II                0     6335.14      42         0.266

  1 07 2  10 BURWAN                      0     6335.14      22         0.139

  1 07 3  11 SAMSERGANJ                  0     6335.14      14         0.089

  1 07 3  12 FARAKKA                     0     6335.14      24         0.152

  1 07 3  13 SUTI-I                      0     6335.14      37         0.234

  1 07 3  14 SUTI-II                     0     6335.14      48         0.304

  1 07 3  15 RAGHUNATHGANJ-I             0     6335.14      33         0.209

  1 07 3  16 RAGHUNATHGANJ-II            0     6335.14     199         1.261

  1 07 3  17 SAGARDIGHI                  0     6335.14       8         0.051

  1 07 4  18 LALGOLA                    17     6335.14     376         2.382

  1 07 4  19 BHAGAWANGOLA-I              0     6335.14      70         0.443

  1 07 4  20 BHAGAWANGOLA-II             0     6335.14     176         1.115

  1 07 4  21 NABAGRAM                    0     6335.14      13         0.082

  1 07 5  23 DOMKAL                      0     6335.14     100         0.634

  1 07 5  24 JALANGI                     0     6335.14     102         0.646

  1 07 5  25 RANINAGAR-I                 0     6335.14     189         1.197


  --------------------------------------------------------------------------------------------------------------------------------
    07    MURSHIDABAD                   17     6335.14    1699        10.763
  --------------------------------------------------------------------------------------------------------------------------------