          CROP: WHEAT    (06)                                                   PAGE NO:     7

                              BLOCK WISE YIELD RATE,AREA AND PRODUCTION OF  RABI   CROPS, 2014-15
  --------------------------------------------------------------------------------------------------------------------------------
  D-DT-SD BLK BLOCK NAME              NCCE    DRY YR     AREA       DRY PRODN
                                             (kg/hec)    (hec)    (000 tonnes)
  --------------------------------------------------------------------------------------------------------------------------------
  1 07 1  01 BERHAMPUR                  18     2762.97    8552        23.629

  1 07 1  02 HARIHARPARA                18     2733.47    8904        24.339

  1 07 1  03 NAODA                      20     2785.83    9436        26.287

  1 07 1  04 BELDANGA-I                 16     1733.60    1736         3.010

  1 07 1  05 BELDANGA-II                18     2613.81    5326        13.921

  1 07 2  06 KHARGRAM                   19     2045.15     689         1.409

  1 07 2  07 KANDI                      16     3260.11    1758         5.731

  1 07 2  08 BHARATPUR-I                18     1877.77     195         0.366

  1 07 2  09 BHARATPUR-II                0     2811.99     190         0.534

  1 07 2  10 BURWAN                     19     2626.51     842         2.212

  1 07 3  11 SAMSERGANJ                 17     2851.24     778         2.218

  1 07 3  12 FARAKKA                    16     2754.99     996         2.744

  1 07 3  13 SUTI-I                     17     2580.68    1233         3.182

  1 07 3  14 SUTI-II                    18     2643.52    1504         3.976

  1 07 3  15 RAGHUNATHGANJ-I            18     2982.51    3579        10.674

  1 07 3  16 RAGHUNATHGANJ-II           16     3243.60    3452        11.197

  1 07 3  17 SAGARDIGHI                 18     2603.27    1785         4.647

  1 07 4  18 LALGOLA                    17     3215.33    3474        11.170

  1 07 4  19 BHAGAWANGOLA-I             17     2821.68    3080         8.691

  1 07 4  20 BHAGAWANGOLA-II            18     2747.52    1975         5.426

  1 07 4  21 NABAGRAM                   18     2781.41    2922         8.127

  1 07 4  22 MSD.-JIAGANJ               19     2380.26    4779        11.375

  1 07 5  23 DOMKAL                     18     3132.43   14187        44.440

  1 07 5  24 JALANGI                    19     2903.15   12033        34.934
          CROP: WHEAT    (06)                                                   PAGE NO:     8

                              BLOCK WISE YIELD RATE,AREA AND PRODUCTION OF  RABI   CROPS, 2014-15
  --------------------------------------------------------------------------------------------------------------------------------
  D-DT-SD BLK BLOCK NAME              NCCE    DRY YR     AREA       DRY PRODN
                                             (kg/hec)    (hec)    (000 tonnes)
  --------------------------------------------------------------------------------------------------------------------------------
  1 07 5  25 RANINAGAR-I                17     2877.93    4982        14.338

  1 07 5  26 RANINAGAR-II               19     3361.95    6520        21.920


  --------------------------------------------------------------------------------------------------------------------------------
    07    MURSHIDABAD                  444     2864.41  104907       300.497
  --------------------------------------------------------------------------------------------------------------------------------