          CROP: MUSUR    (09)                                                   PAGE NO:     7

                              BLOCK WISE YIELD RATE,AREA AND PRODUCTION OF  RABI   CROPS, 2014-15
  --------------------------------------------------------------------------------------------------------------------------------
  D-DT-SD BLK BLOCK NAME              NCCE    DRY YR     AREA       DRY PRODN
                                             (kg/hec)    (hec)    (000 tonnes)
  --------------------------------------------------------------------------------------------------------------------------------
  1 07 1  01 BERHAMPUR                  17      689.40     902         0.622

  1 07 1  02 HARIHARPARA                18      885.42    1922         1.702

  1 07 1  03 NAODA                      20     1082.13    2125         2.300

  1 07 1  04 BELDANGA-I                 16      712.22     168         0.120

  1 07 1  05 BELDANGA-II                19     1063.20     239         0.254

  1 07 2  06 KHARGRAM                   10      873.53      48         0.042

  1 07 2  07 KANDI                      16      816.77      79         0.065

  1 07 2  08 BHARATPUR-I                16      769.65     349         0.269

  1 07 2  09 BHARATPUR-II               16      432.30      17         0.007

  1 07 2  10 BURWAN                     16      534.00     158         0.084

  1 07 3  11 SAMSERGANJ                 16      760.98     308         0.234

  1 07 3  12 FARAKKA                    16     1499.73     776         1.164

  1 07 3  13 SUTI-I                     17      666.63    1021         0.681

  1 07 3  14 SUTI-II                    17     1088.52    1427         1.553

  1 07 3  15 RAGHUNATHGANJ-I            17      900.50      75         0.068

  1 07 3  16 RAGHUNATHGANJ-II           17      973.29     205         0.200

  1 07 3  17 SAGARDIGHI                 18     1258.97     319         0.402

  1 07 4  18 LALGOLA                    16     1030.47     136         0.140

  1 07 4  19 BHAGAWANGOLA-I             19      840.98     108         0.091

  1 07 4  20 BHAGAWANGOLA-II            18      747.92     136         0.102

  1 07 4  21 NABAGRAM                    9      769.15      87         0.067

  1 07 4  22 MSD.-JIAGANJ               16      803.98     660         0.531

  1 07 5  23 DOMKAL                     19     1426.80    1498         2.137

  1 07 5  24 JALANGI                    19     1379.79    1329         1.834
          CROP: MUSUR    (09)                                                   PAGE NO:     8

                              BLOCK WISE YIELD RATE,AREA AND PRODUCTION OF  RABI   CROPS, 2014-15
  --------------------------------------------------------------------------------------------------------------------------------
  D-DT-SD BLK BLOCK NAME              NCCE    DRY YR     AREA       DRY PRODN
                                             (kg/hec)    (hec)    (000 tonnes)
  --------------------------------------------------------------------------------------------------------------------------------
  1 07 5  25 RANINAGAR-I                18     1519.94     782         1.189

  1 07 5  26 RANINAGAR-II               18     1716.19    2048         3.515


  --------------------------------------------------------------------------------------------------------------------------------
    07    MURSHIDABAD                  434     1144.61   16922        19.369
  --------------------------------------------------------------------------------------------------------------------------------