          CROP: SUGARCANE(16)                                                   PAGE NO:     6

                              BLOCK WISE YIELD RATE,AREA AND PRODUCTION OF  RABI   CROPS, 2014-15
  --------------------------------------------------------------------------------------------------------------------------------
  D-DT-SD BLK BLOCK NAME              NCCE    DRY YR     AREA       DRY PRODN
                                             (kg/hec)    (hec)    (000 tonnes)
  --------------------------------------------------------------------------------------------------------------------------------
  1 07 1  01 BERHAMPUR                  14    89820.82      57         5.120

  1 07 1  02 HARIHARPARA                 4    68276.60      38         2.595

  1 07 1  03 NAODA                       2    69246.51       1         0.069

  1 07 1  05 BELDANGA-II                19    69018.39    2615       180.483

  1 07 2  06 KHARGRAM                   16    72255.08      25         1.806

  1 07 2  07 KANDI                      16    94431.64     100         9.443

  1 07 2  08 BHARATPUR-I                16   107227.39     139        14.905

  1 07 2  09 BHARATPUR-II               10   132571.46      26         3.447

  1 07 2  10 BURWAN                     17    95322.83     101         9.628

  1 07 3  11 SAMSERGANJ                  0    72722.61     142        10.327

  1 07 3  12 FARAKKA                     0    72722.61     480        34.907

  1 07 3  16 RAGHUNATHGANJ-II            0    72722.61     160        11.636

  1 07 3  17 SAGARDIGHI                  4    72709.50       1         0.073

  1 07 4  20 BHAGAWANGOLA-II             2    70508.03       1         0.071

  1 07 4  21 NABAGRAM                    6    58797.89       4         0.235

  1 07 4  22 MSD.-JIAGANJ                0    72722.61       3         0.218

  1 07 5  23 DOMKAL                      2    72683.04      40         2.907

  1 07 5  24 JALANGI                     0    72722.61     345        25.089


  --------------------------------------------------------------------------------------------------------------------------------
    07    MURSHIDABAD                  128    73155.10    4278       312.958
  --------------------------------------------------------------------------------------------------------------------------------