          CROP: GRAM     (08)                                                   PAGE NO:     5

                              BLOCK WISE YIELD RATE,AREA AND PRODUCTION OF  RABI   CROPS, 2014-15
  --------------------------------------------------------------------------------------------------------------------------------
  D-DT-SD BLK BLOCK NAME              NCCE    DRY YR     AREA       DRY PRODN
                                             (kg/hec)    (hec)    (000 tonnes)
  --------------------------------------------------------------------------------------------------------------------------------
  1 07 1  01 BERHAMPUR                  18      456.92     111         0.051

  1 07 1  02 HARIHARPARA                18      776.19     148         0.115

  1 07 1  03 NAODA                      18      919.72     459         0.422

  1 07 1  04 BELDANGA-I                  6      564.51      59         0.033

  1 07 1  05 BELDANGA-II                16      624.87       9         0.006

  1 07 2  06 KHARGRAM                   16      946.62      21         0.020

  1 07 2  07 KANDI                      12     1625.33    1011         1.643

  1 07 2  08 BHARATPUR-I                16      660.12      78         0.051

  1 07 2  09 BHARATPUR-II                4     1474.87       6         0.009

  1 07 2  10 BURWAN                     16     1071.43      17         0.018

  1 07 3  11 SAMSERGANJ                  0     1257.68      25         0.031

  1 07 3  12 FARAKKA                    16     1279.39     574         0.734

  1 07 3  13 SUTI-I                     16      638.15      18         0.011

  1 07 3  14 SUTI-II                    17      944.22     256         0.242

  1 07 3  15 RAGHUNATHGANJ-I            16      547.43      36         0.020

  1 07 3  16 RAGHUNATHGANJ-II           16      601.27      18         0.011

  1 07 3  17 SAGARDIGHI                 17     1409.68     637         0.898

  1 07 4  18 LALGOLA                    18      672.98      40         0.027

  1 07 4  19 BHAGAWANGOLA-I             16      866.01      94         0.081

  1 07 4  20 BHAGAWANGOLA-II            17      764.97      40         0.031

  1 07 4  21 NABAGRAM                   19      925.72      40         0.037

  1 07 4  22 MSD.-JIAGANJ               17     1228.75     557         0.684

  1 07 5  23 DOMKAL                      0     1358.85      22         0.030

  1 07 5  24 JALANGI                    18     1390.82     492         0.684
          CROP: GRAM     (08)                                                   PAGE NO:     6

                              BLOCK WISE YIELD RATE,AREA AND PRODUCTION OF  RABI   CROPS, 2014-15
  --------------------------------------------------------------------------------------------------------------------------------
  D-DT-SD BLK BLOCK NAME              NCCE    DRY YR     AREA       DRY PRODN
                                             (kg/hec)    (hec)    (000 tonnes)
  --------------------------------------------------------------------------------------------------------------------------------
  1 07 5  25 RANINAGAR-I                 4     1367.74     290         0.397

  1 07 5  26 RANINAGAR-II               19     1237.38     404         0.500


  --------------------------------------------------------------------------------------------------------------------------------
    07    MURSHIDABAD                  366     1242.57    5462         6.787
  --------------------------------------------------------------------------------------------------------------------------------