          CROP: MASKALAI (10)                                                   PAGE NO:     7

                              BLOCK WISE YIELD RATE,AREA AND PRODUCTION OF  WINTER CROPS, 2014-15
  --------------------------------------------------------------------------------------------------------------------------------
  D-DT-SD BLK BLOCK NAME              NCCE    DRY YR     AREA       DRY PRODN
                                             (kg/hec)    (hec)    (000 tonnes)
  --------------------------------------------------------------------------------------------------------------------------------
  1 07 1  01 BERHAMPUR                  18      422.26     743         0.314

  1 07 1  02 HARIHARPARA                18      644.75     763         0.492

  1 07 1  03 NAODA                      17      337.04     154         0.052

  1 07 1  04 BELDANGA-I                 10      353.58      75         0.027

  1 07 1  05 BELDANGA-II                16      375.49     248         0.093

  1 07 2  06 KHARGRAM                    5      952.29       2         0.002

  1 07 2  07 KANDI                      10     1188.61       7         0.008

  1 07 2  08 BHARATPUR-I                 4      881.24       0         0.000

  1 07 2  09 BHARATPUR-II                0      967.00       5         0.005

  1 07 3  13 SUTI-I                     16      385.81      37         0.014

  1 07 3  14 SUTI-II                     2     1454.91     485         0.706

  1 07 3  15 RAGHUNATHGANJ-I            18      448.82       3         0.001

  1 07 3  16 RAGHUNATHGANJ-II           16      345.68       0         0.000

  1 07 3  17 SAGARDIGHI                  4      978.51       0         0.000

  1 07 4  18 LALGOLA                     0      699.21    2687         1.879

  1 07 4  19 BHAGAWANGOLA-I             19      782.42    1062         0.831

  1 07 4  20 BHAGAWANGOLA-II             0      699.21     455         0.318

  1 07 4  21 NABAGRAM                   16      639.11       0         0.000

  1 07 4  22 MSD.-JIAGANJ               16      688.70    2232         1.537

  1 07 5  23 DOMKAL                     20      711.02    1343         0.955

  1 07 5  24 JALANGI                     0      858.86    1219         1.047

  1 07 5  25 RANINAGAR-I                16      961.35     964         0.927

  1 07 5  26 RANINAGAR-II               20      872.17    2564         2.236


  --------------------------------------------------------------------------------------------------------------------------------
    07    MURSHIDABAD                  261      760.46   15048        11.443
  --------------------------------------------------------------------------------------------------------------------------------