          CROP: JUTE     (01)                                                   PAGE NO:     7

                              BLOCK WISE YIELD RATE,AREA AND PRODUCTION OF  BHADUI CROPS, 2014-15
  --------------------------------------------------------------------------------------------------------------------------------
  D-DT-SD BLK BLOCK NAME              NCCE    DRY YR     AREA       DRY PRODN
                                              (bales/hec)(hec)    ('000 bales)
  --------------------------------------------------------------------------------------------------------------------------------
  1 07 1  01 BERHAMPUR                  20       15.67   11596       181.709

  1 07 1  02 HARIHARPARA                20       12.34   12942       159.704

  1 07 1  03 NAODA                      20       15.02   17443       261.994

  1 07 1  04 BELDANGA-I                 52       12.46   10659       132.811

  1 07 1  05 BELDANGA-II                20       12.32   11737       144.600

  1 07 2  06 KHARGRAM                    8       16.18     105         1.699

  1 07 2  07 KANDI                      12       16.63     849        14.119

  1 07 2  08 BHARATPUR-I                 6       21.04      88         1.852

  1 07 2  09 BHARATPUR-II                6       22.31     110         2.454

  1 07 2  10 BURWAN                      8       15.29      87         1.330

  1 07 3  11 SAMSERGANJ                 24       14.79    1978        29.255

  1 07 3  12 FARAKKA                    20       15.62    1042        16.276

  1 07 3  13 SUTI-I                     20       15.59    1944        30.307

  1 07 3  14 SUTI-II                    20       17.97    5460        98.116

  1 07 3  15 RAGHUNATHGANJ-I             8       12.03     259         3.116

  1 07 3  16 RAGHUNATHGANJ-II            0       16.58    2507        41.566

  1 07 3  17 SAGARDIGHI                  0       16.58    1811        30.026

  1 07 4  18 LALGOLA                     0       13.89    9835       136.608

  1 07 4  19 BHAGAWANGOLA-I             20       13.68    6244        85.418

  1 07 4  20 BHAGAWANGOLA-II             0       13.89    4886        67.867

  1 07 4  21 NABAGRAM                   16       15.01     266         3.993

  1 07 4  22 MSD.-JIAGANJ               20       14.02    7988       111.992

  1 07 5  23 DOMKAL                     52       14.96   21111       315.821

  1 07 5  24 JALANGI                    40       15.22    8419       128.137

  1 07 5  25 RANINAGAR-I                24       12.89    7101        91.532

  1 07 5  26 RANINAGAR-II               36       16.00    8309       132.944


  --------------------------------------------------------------------------------------------------------------------------------
    07    MURSHIDABAD                  472       14.38  154776      2225.245
  --------------------------------------------------------------------------------------------------------------------------------
