          CROP: AUS      (02)                                                   PAGE NO:     7

                              BLOCK WISE YIELD RATE,AREA AND PRODUCTION OF  BHADUI CROPS, 2014-15
  --------------------------------------------------------------------------------------------------------------------------------
  D-DT-SD BLK BLOCK NAME              NCCE    DRY YR     AREA       DRY PRODN   YR CLRICE   PRODN CLRICE
                                             (kg/hec)    (hec)    (000 tonnes)  (kg/hec)    (000 tonnes)
  --------------------------------------------------------------------------------------------------------------------------------
  1 07 1  01 BERHAMPUR                  20     4485.17    1173         5.261     2990.11        3.507

  1 07 1  02 HARIHARPARA                20     4885.50    2112        10.318     3257.00        6.879

  1 07 1  03 NAODA                      20     4449.12     202         0.899     2966.08        0.599

  1 07 1  04 BELDANGA-I                 16     4344.07      46         0.200     2896.05        0.133

  1 07 1  05 BELDANGA-II                20     4351.56     100         0.435     2901.04        0.290

  1 07 2  06 KHARGRAM                   17     4123.74       0         0.000     2749.16        0.000

  1 07 2  07 KANDI                      20        0.00       0         0.000        0.00        0.000

  1 07 2  08 BHARATPUR-I                17     5086.62       0         0.000     3391.08        0.000

  1 07 2  10 BURWAN                      0     3982.77    1101         4.385     2655.18        2.923

  1 07 3  11 SAMSERGANJ                  4     3388.00       0         0.000     2258.67        0.000

  1 07 3  12 FARAKKA                     0     3391.05     914         3.099     2260.70        2.066

  1 07 3  13 SUTI-I                     11     2138.42       0         0.000     1425.61        0.000

  1 07 3  14 SUTI-II                     0     3391.05    1794         6.084     2260.70        4.056

  1 07 3  16 RAGHUNATHGANJ-II            0     3391.05      59         0.200     2260.70        0.133

  1 07 3  17 SAGARDIGHI                 16     3380.59       1         0.003     2253.73        0.002

  1 07 4  18 LALGOLA                     0     3245.37     192         0.623     2163.58        0.415

  1 07 4  19 BHAGAWANGOLA-I             20     3335.38     444         1.481     2223.59        0.987

  1 07 4  20 BHAGAWANGOLA-II             0     3245.37     908         2.947     2163.58        1.965

  1 07 4  21 NABAGRAM                   16     3574.99     175         0.626     2383.33        0.417

  1 07 4  22 MSD.-JIAGANJ                4     3211.49     620         1.991     2140.99        1.327

  1 07 5  23 DOMKAL                     52     3870.94    1432         5.543     2580.63        3.695

  1 07 5  24 JALANGI                    40     3253.61    4059        13.206     2169.07        8.804

  1 07 5  25 RANINAGAR-I                24     4380.10     939         4.113     2920.07        2.742

  1 07 5  26 RANINAGAR-II               20     4626.41    1963         9.082     3084.27        6.054


  --------------------------------------------------------------------------------------------------------------------------------
    07    MURSHIDABAD                  357     3866.19   18234        70.496     2577.46       46.997
  --------------------------------------------------------------------------------------------------------------------------------