          CROP: AMAN     (05)                                                   PAGE NO:     7

                              BLOCK WISE YIELD RATE,AREA AND PRODUCTION OF  WINTER CROPS, 2014-15
  --------------------------------------------------------------------------------------------------------------------------------
  D-DT-SD BLK BLOCK NAME              NCCE    DRY YR     AREA       DRY PRODN   YR CLRICE   PRODN CLRICE
                                             (kg/hec)    (hec)    (000 tonnes)  (kg/hec)    (000 tonnes)
  --------------------------------------------------------------------------------------------------------------------------------
  1 07 1  01 BERHAMPUR                  20     4662.68   10824        50.469     3108.45       33.646

  1 07 1  02 HARIHARPARA                20     4329.48    7904        34.220     2886.32       22.813

  1 07 1  03 NAODA                      20     4364.55    5073        22.141     2909.70       14.761

  1 07 1  04 BELDANGA-I                 20     4766.52    5567        26.535     3177.68       17.690

  1 07 1  05 BELDANGA-II                44     5066.57   10363        52.505     3377.71       35.003

  1 07 2  06 KHARGRAM                   48     5184.29   23869       123.744     3456.19       82.496

  1 07 2  07 KANDI                      40     5135.36   14300        73.436     3423.57       48.957

  1 07 2  08 BHARATPUR-I                32     5141.10   14413        74.099     3427.40       49.399

  1 07 2  09 BHARATPUR-II               28     5314.75   12819        68.130     3543.17       45.420

  1 07 2  10 BURWAN                      0     5168.56   19284        99.671     3445.71       66.447

  1 07 3  11 SAMSERGANJ                  5     4510.51     215         0.970     3007.01        0.647

  1 07 3  12 FARAKKA                    12     3218.08    1625         5.229     2145.39        3.486

  1 07 3  13 SUTI-I                     24     4638.23    4112        19.072     3092.15       12.715

  1 07 3  14 SUTI-II                     8     3587.69       0         0.000     2391.79        0.000

  1 07 3  15 RAGHUNATHGANJ-I            24     3792.05   10228        38.785     2528.03       25.857

  1 07 3  16 RAGHUNATHGANJ-II            0     4518.71     104         0.470     3012.47        0.313

  1 07 3  17 SAGARDIGHI                 20     5022.77   23639       118.733     3348.51       79.156

  1 07 4  18 LALGOLA                     0     3535.18    1801         6.367     2356.79        4.245

  1 07 4  19 BHAGAWANGOLA-I             20     3452.31    3373        11.645     2301.54        7.763

  1 07 4  20 BHAGAWANGOLA-II             0     3535.18    1813         6.409     2356.79        4.273

  1 07 4  21 NABAGRAM                   20     3705.22   20122        74.556     2470.15       49.704

  1 07 4  22 MSD.-JIAGANJ               20     3172.66    7350        23.319     2115.11       15.546

  1 07 5  23 DOMKAL                     20     4016.52   14320        57.517     2677.68       38.344

  1 07 5  24 JALANGI                     0     4186.45    4642        19.434     2790.97       12.956

  1 07 5  25 RANINAGAR-I                24     4496.07    3377        15.183     2997.38       10.122

  1 07 5  26 RANINAGAR-II               20     4347.60    1581         6.874     2898.40        4.582

  --------------------------------------------------------------------------------------------------------------------------------
    07    MURSHIDABAD                  489     4622.49  222718      1029.512     3081.66      686.341
  --------------------------------------------------------------------------------------------------------------------------------