          CROP: BORO     (17)                                                   PAGE NO:     7

                              BLOCK WISE YIELD RATE,AREA AND PRODUCTION OF  SUMMER CROPS, 2014-15
  --------------------------------------------------------------------------------------------------------------------------------
  D-DT-SD BLK BLOCK NAME              NCCE    DRY YR     AREA       DRY PRODN   YR CLRICE   PRODN CLRICE
                                             (kg/hec)    (hec)    (000 tonnes)  (kg/hec)    (000 tonnes)
  --------------------------------------------------------------------------------------------------------------------------------
  1 07 1  01 BERHAMPUR                  68     6297.08    9671        60.899     4198.05       40.599

  1 07 1  02 HARIHARPARA                40     6316.62    2674        16.891     4211.08       11.260

  1 07 1  03 NAODA                       0     6123.81    1236         7.569     4082.54        5.046

  1 07 1  04 BELDANGA-I                 48     6425.29    2441        15.684     4283.53       10.456

  1 07 1  05 BELDANGA-II                20     5547.53    4989        27.677     3698.35       18.451

  1 07 2  06 KHARGRAM                   48     6312.44   12822        80.938     4208.29       53.959

  1 07 2  07 KANDI                      40     4781.02   11502        54.991     3187.35       36.661

  1 07 2  08 BHARATPUR-I                31     5875.77    6685        39.280     3917.18       26.186

  1 07 2  09 BHARATPUR-II               28     6236.30    6924        43.180     4157.53       28.787

  1 07 2  10 BURWAN                     52     5526.08   10654        58.875     3684.05       39.250

  1 07 3  12 FARAKKA                    16     3959.44    2131         8.438     2639.63        5.625

  1 07 3  13 SUTI-I                     17     4528.13    1862         8.431     3018.75        5.621

  1 07 3  15 RAGHUNATHGANJ-I            24     4799.19    3739        17.944     3199.46       11.963

  1 07 3  17 SAGARDIGHI                  0     4560.95   16940        77.262     3040.63       51.508

  1 07 4  18 LALGOLA                    20     4870.69     675         3.288     3247.13        2.192

  1 07 4  19 BHAGAWANGOLA-I             32     5830.32     997         5.813     3886.88        3.875

  1 07 4  20 BHAGAWANGOLA-II             0     4692.59    2015         9.456     3128.39        6.304

  1 07 4  21 NABAGRAM                   20     4447.86   14501        64.498     2965.24       42.999

  1 07 4  22 MSD.-JIAGANJ               32     5352.27    3984        21.323     3568.18       14.216

  1 07 5  23 DOMKAL                     52     6284.37    2534        15.925     4189.58       10.616

  1 07 5  24 JALANGI                    40     6398.31    2573        16.463     4265.54       10.975

  1 07 5  25 RANINAGAR-I                24     6201.25    2880        17.860     4134.17       11.906

  1 07 5  26 RANINAGAR-II               36     6282.36    2075        13.036     4188.24        8.691


  --------------------------------------------------------------------------------------------------------------------------------
    07    MURSHIDABAD                  688     5420.54  126504       685.720     3613.69      457.147
  --------------------------------------------------------------------------------------------------------------------------------