          CROP: MUSTARD  (15)                                                   PAGE NO:     7

                              BLOCK WISE YIELD RATE,AREA AND PRODUCTION OF  RABI   CROPS, 2014-15
  --------------------------------------------------------------------------------------------------------------------------------
  D-DT-SD BLK BLOCK NAME              NCCE    DRY YR     AREA       DRY PRODN
                                             (kg/hec)    (hec)    (000 tonnes)
  --------------------------------------------------------------------------------------------------------------------------------
  1 07 1  01 BERHAMPUR                  18     1154.21    7216         8.329

  1 07 1  02 HARIHARPARA                18     1386.54    5039         6.987

  1 07 1  03 NAODA                      20     1389.32    5800         8.058

  1 07 1  04 BELDANGA-I                 18     1297.15    6709         8.703

  1 07 1  05 BELDANGA-II                19     1276.97    4315         5.510

  1 07 2  06 KHARGRAM                   18      900.78    2498         2.250

  1 07 2  07 KANDI                      16      912.22    1945         1.774

  1 07 2  08 BHARATPUR-I                17      829.53     617         0.512

  1 07 2  09 BHARATPUR-II               16      728.97     542         0.395

  1 07 2  10 BURWAN                     17      983.60     505         0.497

  1 07 3  11 SAMSERGANJ                 16     1040.29     773         0.804

  1 07 3  12 FARAKKA                    18     1233.01    1347         1.661

  1 07 3  13 SUTI-I                     17      845.26    2818         2.382

  1 07 3  14 SUTI-II                    17      832.03    1533         1.276

  1 07 3  15 RAGHUNATHGANJ-I            16      655.03    3113         2.039

  1 07 3  16 RAGHUNATHGANJ-II           16      945.54     939         0.888

  1 07 3  17 SAGARDIGHI                 18     1182.17    6340         7.495

  1 07 4  18 LALGOLA                    16     1104.33    3438         3.797

  1 07 4  19 BHAGAWANGOLA-I             19     1394.07    3116         4.344

  1 07 4  20 BHAGAWANGOLA-II            17     1108.65    4099         4.544

  1 07 4  21 NABAGRAM                   17      946.92    3278         3.104

  1 07 4  22 MSD.-JIAGANJ               16     1107.46    3890         4.308

  1 07 5  23 DOMKAL                     19     1182.51    8041         9.509

  1 07 5  24 JALANGI                    17     1282.66    2616         3.355
          CROP: MUSTARD  (15)                                                   PAGE NO:     8

                              BLOCK WISE YIELD RATE,AREA AND PRODUCTION OF  RABI   CROPS, 2014-15
  --------------------------------------------------------------------------------------------------------------------------------
  D-DT-SD BLK BLOCK NAME              NCCE    DRY YR     AREA       DRY PRODN
                                             (kg/hec)    (hec)    (000 tonnes)
  --------------------------------------------------------------------------------------------------------------------------------
  1 07 5  25 RANINAGAR-I                17     1553.29    3349         5.202

  1 07 5  26 RANINAGAR-II               19     1384.44    4752         6.579


  --------------------------------------------------------------------------------------------------------------------------------
    07    MURSHIDABAD                  452     1176.84   88628       104.301
  --------------------------------------------------------------------------------------------------------------------------------