          CROP: BORO     (17)                                                   PAGE NO:    20

                              BLOCK WISE YIELD RATE,AREA AND PRODUCTION OF  SUMMER CROPS, 2014-15
  --------------------------------------------------------------------------------------------------------------------------------
  D-DT-SD BLK BLOCK NAME              NCCE    DRY YR     AREA       DRY PRODN   YR CLRICE   PRODN CLRICE
                                             (kg/hec)    (hec)    (000 tonnes)  (kg/hec)    (000 tonnes)
  --------------------------------------------------------------------------------------------------------------------------------
  2 19 1  01 TAMLUK                     52     5245.43    4276        22.429     3496.95       14.953

  2 19 1  02 SAHID MATANGINI (T-I       40     5984.39    5978        35.775     3989.59       23.850

  2 19 1  03 PANSKURA-I                 60     5442.58   15504        84.382     3628.39       56.255

  2 19 1  04 PANSKURA-II                26     5459.91    9364        51.127     3639.94       34.084

  2 19 1  05 MOYNA                      44     6547.13    8130        53.228     4364.75       35.485

  2 19 1  06 NANDIGRAM-III              40     5126.70     102         0.523     3417.80        0.349

  2 19 1  07 NANDAKUMAR (M -I)          48     5654.79    7522        42.535     3769.86       28.357

  2 19 2  08 MOHISADAL                  44     4695.69    4764        22.370     3130.46       14.914

  2 19 2  09 NANDIGRAM-I                40     5163.91     421         2.174     3442.61        1.449

  2 19 2  10 NANDIGRAM-II               28     4313.68    1619         6.984     2875.79        4.656

  2 19 2  11 SUTAHATA                   24     5505.32    2512        13.829     3670.21        9.220

  2 19 2  12 HALDIA (S -II)             20     5407.88     830         4.489     3605.25        2.992

  2 19 3  13 CONTAI-I                   36     5920.33    1796        10.633     3946.89        7.089

  2 19 3  14 CONTAI-II                  20     5179.68    1832         9.489     3453.12        6.326

  2 19 3  15 CONTAI-III                 32     5462.78    1549         8.462     3641.85        5.641

  2 19 3  16 KHEJURI-I                  24     5308.46    1127         5.983     3538.97        3.988

  2 19 3  17 KHEJURI-II                 20     5037.49    5692        28.673     3358.33       19.116

  2 19 3  18 BHAGAWANPUR-II             36     3672.53    9817        36.053     2448.35       24.035

  2 19 3  19 RAMNAGAR-I                 36     5922.90    7804        46.222     3948.60       30.815

  2 19 3  20 RAMNAGAR-II                32     5930.97    7331        43.480     3953.98       28.987

  2 19 4  21 EGRA-I                     36     4955.70   14758        73.136     3303.80       48.757

  2 19 4  22 EGRA-II                    32     5813.81   14731        85.643     3875.87       57.095

  2 19 4  23 POTASHPUR-I                36     5904.71    9996        59.023     3936.47       39.349

  2 19 4  24 POTASHPUR-II               28     4590.83   13472        61.848     3060.55       41.232
          CROP: BORO     (17)                                                   PAGE NO:    21

                              BLOCK WISE YIELD RATE,AREA AND PRODUCTION OF  SUMMER CROPS, 2014-15
  --------------------------------------------------------------------------------------------------------------------------------
  D-DT-SD BLK BLOCK NAME              NCCE    DRY YR     AREA       DRY PRODN   YR CLRICE   PRODN CLRICE
                                             (kg/hec)    (hec)    (000 tonnes)  (kg/hec)    (000 tonnes)
  --------------------------------------------------------------------------------------------------------------------------------
  2 19 4  25 BHAGAWANPUR-I              40     4105.56    8892        36.507     2737.04       24.338


  --------------------------------------------------------------------------------------------------------------------------------
    19    PURBA MEDINIPUR              874     5287.22  159819       844.998     3524.81      563.332
  --------------------------------------------------------------------------------------------------------------------------------