          CROP: AMAN     (05)  

                              BLOCK WISE YIELD RATE,AREA AND PRODUCTION OF  WINTER CROPS, 2014-15
  --------------------------------------------------------------------------------------------------------------------------------
  D-DT-SD BLK BLOCK NAME              NCCE    DRY YR     AREA       DRY PRODN   YR CLRICE   PRODN CLRICE
                                             (kg/hec)    (hec)    (000 tonnes)  (kg/hec)    (000 tonnes)
  --------------------------------------------------------------------------------------------------------------------------------
  2 19 1  01 TAMLUK                     52     3810.09    7514        28.629     2540.06       19.086

  2 19 1  02 SAHID MATANGINI (T-I       40     3845.55    6090        23.419     2563.70       15.613

  2 19 1  03 PANSKURA-I                 60     4573.66   16686        76.316     3049.11       50.877

  2 19 1  04 PANSKURA-II                27     4094.46   10605        43.422     2729.64       28.948

  2 19 1  05 MOYNA                      32     4111.11    5812        23.894     2740.74       15.929

  2 19 1  06 NANDIGRAM-III              40     3769.86    6953        26.212     2513.24       17.475

  2 19 1  07 NANDAKUMAR (M -I)          48     3357.82    8812        29.589     2238.55       19.726

  2 19 2  08 MOHISADAL                  44     3477.46    8659        30.111     2318.31       20.074

  2 19 2  09 NANDIGRAM-I                40     3208.22   13098        42.021     2138.81       28.014

  2 19 2  10 NANDIGRAM-II               28     3139.20    8577        26.925     2092.80       17.950

  2 19 2  11 SUTAHATA                   24     3422.11    5531        18.928     2281.41       12.618

  2 19 2  12 HALDIA (S -II)             16     3795.32    4902        18.605     2530.21       12.403

  2 19 3  13 CONTAI-I                   36     2273.79   10876        24.730     1515.86       16.486

  2 19 3  14 CONTAI-II                  20     1578.99   12959        20.462     1052.66       13.641

  2 19 3  15 CONTAI-III                 32      956.92   11454        10.961      637.95        7.307

  2 19 3  16 KHEJURI-I                  24     2007.69    8457        16.979     1338.46       11.319

  2 19 3  17 KHEJURI-II                 20     2109.68   10609        22.382     1406.45       14.921

  2 19 3  18 BHAGAWANPUR-II             36     4466.04   14006        62.551     2977.36       41.701

  2 19 3  19 RAMNAGAR-I                 36     1858.14    8898        16.534     1238.76       11.022

  2 19 3  20 RAMNAGAR-II                32      723.23   10639         7.694      482.15        5.130

  2 19 4  21 EGRA-I                     36     4757.67   13749        65.413     3171.78       43.609

  2 19 4  22 EGRA-II                    32     1894.47   14439        27.354     1262.98       18.236

  2 19 4  23 POTASHPUR-I                36     4762.80   10082        48.019     3175.20       32.012

  2 19 4  24 POTASHPUR-II               28     5069.69   15042        76.258     3379.79       50.839

  2 19 4  25 BHAGAWANPUR-I              40     3326.28    9615        31.982     2217.52       21.321

  --------------------------------------------------------------------------------------------------------------------------------
    19    PURBA MEDINIPUR              859     3225.13  254064       819.390     2150.09      546.260
  --------------------------------------------------------------------------------------------------------------------------------
