          CROP: AUS      (02)                                                   PAGE NO:    19

                              BLOCK WISE YIELD RATE,AREA AND PRODUCTION OF  BHADUI CROPS, 2014-15
  --------------------------------------------------------------------------------------------------------------------------------
  D-DT-SD BLK BLOCK NAME              NCCE    DRY YR     AREA       DRY PRODN   YR CLRICE   PRODN CLRICE
                                             (kg/hec)    (hec)    (000 tonnes)  (kg/hec)    (000 tonnes)
  --------------------------------------------------------------------------------------------------------------------------------
  2 19 1  03 PANSKURA-I                  0     3937.41     497         1.957     2624.94        1.305

  2 19 1  05 MOYNA                      16     4249.86       0         0.000     2833.24        0.000

  2 19 1  06 NANDIGRAM-III              16     3873.48     805         3.118     2582.32        2.079

  2 19 2  08 MOHISADAL                   0     3352.64     133         0.446     2235.09        0.297

  2 19 2  09 NANDIGRAM-I                 0     3352.64    4006        13.431     2235.09        8.954

  2 19 2  10 NANDIGRAM-II                0     3352.64     136         0.456     2235.09        0.304

  2 19 3  18 BHAGAWANPUR-II             18     1573.59      47         0.074     1049.06        0.049

  2 19 4  22 EGRA-II                    11     2282.86       0         0.000     1521.91        0.000

  2 19 4  23 POTASHPUR-I                36     3120.56    4091        12.766     2080.37        8.511

  2 19 4  24 POTASHPUR-II               28     4305.24    1086         4.675     2870.16        3.117

  2 19 4  25 BHAGAWANPUR-I              40     3288.30    4310        14.173     2192.20        9.448


  --------------------------------------------------------------------------------------------------------------------------------
    19    PURBA MEDINIPUR              165     3381.37   15111        51.096     2254.25       34.064
  --------------------------------------------------------------------------------------------------------------------------------