          CROP: MUSTARD  (15)                                                   PAGE NO:    21

                              BLOCK WISE YIELD RATE,AREA AND PRODUCTION OF  RABI   CROPS, 2014-15
  --------------------------------------------------------------------------------------------------------------------------------
  D-DT-SD BLK BLOCK NAME              NCCE    DRY YR     AREA       DRY PRODN
                                             (kg/hec)    (hec)    (000 tonnes)
  --------------------------------------------------------------------------------------------------------------------------------
  2 19 1  01 TAMLUK (TAMLUK-I)           0      914.78      16         0.015

  2 19 1  03 PANSKURA-I                 16     1186.55      78         0.093

  2 19 1  04 PANSKURA-II                10     1032.85      11         0.011

  2 19 1  05 MAYNA                       0      914.78      13         0.012

  2 19 1  06 CHANDIPUR (NANDIGRAM       18      561.89      62         0.035

  2 19 1  07 NANDAKUMAR (M -I)           0      914.78      18         0.016

  2 19 2  08 MOHISADAL-II                0      942.14       3         0.003

  2 19 2  09 NANDIGRAM-I                 0      942.14      78         0.073

  2 19 2  10 NANDIGRAM-II               18      877.08      20         0.018

  2 19 2  11 SUTAHATA  (SUTAHATA         0      942.14      95         0.090

  2 19 2  12 HALDIA (SUTAHATA -II        0      942.14       2         0.002

  2 19 3  16 KHEJURI-I                   0      795.54      45         0.036

  2 19 3  17 KHEJURI-II                  0      795.54      53         0.042

  2 19 3  18 BHAGAWANPUR-II             16      804.26      16         0.013

  2 19 3  20 RAMNAGAR-II                 0      795.54      48         0.038

  2 19 4  21 EGRA-I                      0     1685.74     591         0.996

  2 19 4  22 EGRA-II                     0     1685.74       1         0.002

  2 19 4  24 PATASHPUR-II                2     1693.14      73         0.124

  2 19 4  25 BHAGAWANPUR-I              16      595.22       1         0.001


  --------------------------------------------------------------------------------------------------------------------------------
    19    PURBA MEDINIPUR               96     1322.02    1224         1.618
  --------------------------------------------------------------------------------------------------------------------------------