          CROP: GRAM     (08)                                                   PAGE NO:     6

                              BLOCK WISE YIELD RATE,AREA AND PRODUCTION OF  RABI   CROPS, 2013-14
  --------------------------------------------------------------------------------------------------------------------------------
  D-DT-SD BLK BLOCK NAME              NCCE    DRY YR     AREA       DRY PRODN
                                             (kg/hec)    (hec)    (000 tonnes)
  --------------------------------------------------------------------------------------------------------------------------------
  2 08 1  01 SURI-I                      2     1066.55     212         0.226

  2 08 1  02 SURI-II                     5      878.30     207         0.182

  2 08 1  03 DUBRAJPUR                   6     1209.11     167         0.202

  2 08 1  04 MD. BAZAR                   2     1088.50     201         0.219

  2 08 1  05 RAJNAGAR                    2     1093.85      27         0.030

  2 08 1  06 KHOYRASOLE                  3      976.02      27         0.026

  2 08 1  07 SAINTHIA                    8     1310.19     186         0.244

  2 08 2  08 BOLEPUR-SRINIKETAN         20     1980.95     841         1.666

  2 08 2  09 ILLAMBAZAR                  7     1360.08     908         1.235

  2 08 2  10 LABHPUR                     7     1265.51     950         1.202

  2 08 2  11 NANOOR                      7     1877.51     922         1.731

  2 08 3  12 RAMPURHAT-I                18      844.79      86         0.073

  2 08 3  13 RAMPURHAT-II               18      940.67     819         0.770

  2 08 3  14 MAYURESWAR-I               16      755.01      59         0.045

  2 08 3  15 MAYURESWAR-II              17      686.59      30         0.021

  2 08 3  16 NALHATI-I                  19      745.39      26         0.019

  2 08 3  17 NALHATI-II                  0     1016.11     503         0.511

  2 08 3  18 MURARAI-I                  18     1167.32     822         0.960

  2 08 3  19 MURARAI-II                 18      772.14     162         0.125


  --------------------------------------------------------------------------------------------------------------------------------
    08    BIRBHUM                      193     1325.75    7155         9.486
  --------------------------------------------------------------------------------------------------------------------------------