          CROP: MUSUR    (09)                                                   PAGE NO:     9

                              BLOCK WISE YIELD RATE,AREA AND PRODUCTION OF  RABI   CROPS, 2013-14
  --------------------------------------------------------------------------------------------------------------------------------
  D-DT-SD BLK BLOCK NAME              NCCE    DRY YR     AREA       DRY PRODN
                                             (kg/hec)    (hec)    (000 tonnes)
  --------------------------------------------------------------------------------------------------------------------------------
  2 08 1  01 SURI-I                      4      963.37     105         0.101

  2 08 1  02 SURI-II                     7      579.29      36         0.021

  2 08 1  03 DUBRAJPUR                   9      864.26      91         0.079

  2 08 1  04 MD. BAZAR                  16     1060.95     805         0.854

  2 08 1  05 RAJNAGAR                    6      640.32      16         0.010

  2 08 1  06 KHOYRASOLE                  4      855.03      10         0.009

  2 08 1  07 SAINTHIA                   17      977.82     202         0.198

  2 08 2  08 BOLEPUR-SRINIKETAN         17      596.71      41         0.024

  2 08 2  09 ILLAMBAZAR                 18     1237.02     906         1.121

  2 08 2  10 LABHPUR                    16      807.39     405         0.327

  2 08 2  11 NANOOR                     13     1008.94     898         0.906

  2 08 3  12 RAMPURHAT-I                17      793.15     635         0.504

  2 08 3  13 RAMPURHAT-II               19      961.49     432         0.415

  2 08 3  14 MAYURESWAR-I                7      586.28      26         0.015

  2 08 3  15 MAYURESWAR-II               8      287.71      27         0.008

  2 08 3  16 NALHATI-I                  17      660.88      27         0.018

  2 08 3  17 NALHATI-II                  2      740.37      21         0.016

  2 08 3  18 MURARAI-I                  17      736.92     935         0.689

  2 08 3  19 MURARAI-II                 18      835.31     246         0.205


  --------------------------------------------------------------------------------------------------------------------------------
    08    BIRBHUM                      232      941.20    5864         5.519
  --------------------------------------------------------------------------------------------------------------------------------