          CROP: SUGARCANE(16)                                                   PAGE NO:     7

                              BLOCK WISE YIELD RATE,AREA AND PRODUCTION OF  RABI   CROPS, 2013-14
  --------------------------------------------------------------------------------------------------------------------------------
  D-DT-SD BLK BLOCK NAME              NCCE    DRY YR     AREA       DRY PRODN
                                             (kg/hec)    (hec)    (000 tonnes)
  --------------------------------------------------------------------------------------------------------------------------------
  2 08 1  01 SURI-I                     10    77758.88      14         1.089

  2 08 1  02 SURI-II                     3    64418.46      31         1.997

  2 08 1  03 DUBRAJPUR                   8    81500.05      60         4.890

  2 08 1  04 MD. BAZAR                   4    72340.58      34         2.460

  2 08 1  05 RAJNAGAR                    2    72250.50       0         0.000

  2 08 1  06 KHOYRASOLE                  3    89866.10       0         0.000

  2 08 1  07 SAINTHIA                    6    63723.75     202        12.872

  2 08 2  08 BOLEPUR-SRINIKETAN          7    66195.28       7         0.463

  2 08 2  09 ILLAMBAZAR                  4    62751.94      18         1.130

  2 08 2  10 LABHPUR                    10    51266.70      69         3.537

  2 08 2  11 NANOOR                      7    66838.93      49         3.275

  2 08 3  12 RAMPURHAT-I                 1    75382.71       7         0.528

  2 08 3  13 RAMPURHAT-II                3    88803.16      82         7.282

  2 08 3  14 MAYURESWAR-I                5    77516.46      46         3.566

  2 08 3  15 MAYURESWAR-II              12    49573.01     102         5.056

  2 08 3  16 NALHATI-I                   2    75435.05      24         1.810

  2 08 3  17 NALHATI-II                  2    74590.75       0         0.000

  2 08 3  18 MURARAI-I                   2    75281.48       0         0.000

  2 08 3  19 MURARAI-II                  0    75049.66      11         0.826


  --------------------------------------------------------------------------------------------------------------------------------
    08    BIRBHUM                       91    67170.00     756        50.781
  --------------------------------------------------------------------------------------------------------------------------------