          CROP: AMAN     (05)                                                   PAGE NO:     9

                              BLOCK WISE YIELD RATE,AREA AND PRODUCTION OF  WINTER CROPS, 2013-14
  --------------------------------------------------------------------------------------------------------------------------------
  D-DT-SD BLK BLOCK NAME              NCCE    DRY YR     AREA       DRY PRODN   YR CLRICE   PRODN CLRICE
                                             (kg/hec)    (hec)    (000 tonnes)  (kg/hec)    (000 tonnes)
  --------------------------------------------------------------------------------------------------------------------------------
  2 08 1  01 SURI-I                     16     5333.71   34013       181.415     3555.81      120.944

  2 08 1  02 SURI-II                    16     4108.68    1655         6.800     2739.12        4.533

  2 08 1  03 DUBRAJPUR                  16     4044.80    1903         7.697     2696.53        5.132

  2 08 1  04 MD. BAZAR                  16     4368.86    1017         4.443     2912.57        2.962

  2 08 1  05 RAJNAGAR                   16     3303.29    1353         4.469     2202.19        2.980

  2 08 1  06 KHOYRASOLE                 16     3106.36    1597         4.961     2070.91        3.307

  2 08 1  07 SAINTHIA                   16     4464.94   22907       102.278     2976.63       68.186

  2 08 2  08 BOLEPUR-SRINIKETAN         16     4896.32   44379       217.294     3264.21      144.863

  2 08 2  09 ILLAMBAZAR                 16     5944.40   44247       263.022     3962.93      175.348

  2 08 2  10 LABHPUR                    16     4758.30   21089       100.348     3172.20       66.899

  2 08 2  11 NANOOR                     16     4515.99   24949       112.669     3010.66       75.113

  2 08 3  12 RAMPURHAT-I                16     4909.65   44719       219.555     3273.10      146.370

  2 08 3  13 RAMPURHAT-II               16     4953.74   44844       222.146     3302.49      148.097

  2 08 3  14 MAYURESWAR-I               16     4572.61   16670        76.225     3048.41       50.817

  2 08 3  15 MAYURESWAR-II              16     4463.26   11521        51.421     2975.51       34.281

  2 08 3  16 NALHATI-I                  16     4170.82    1131         4.717     2780.55        3.145

  2 08 3  17 NALHATI-II                 16     4001.05    1536         6.146     2667.37        4.097

  2 08 3  18 MURARAI-I                  16     4390.26    1449         6.361     2926.84        4.241

  2 08 3  19 MURARAI-II                 16     4032.31    1277         5.149     2688.21        3.433


  --------------------------------------------------------------------------------------------------------------------------------
    08    BIRBHUM                      304     4956.05  322256      1597.118     3304.03     1064.745
  --------------------------------------------------------------------------------------------------------------------------------