          CROP: TIL      (18)                                                   PAGE NO:     9

                              BLOCK WISE YIELD RATE,AREA AND PRODUCTION OF  SUMMER CROPS, 2013-14
  --------------------------------------------------------------------------------------------------------------------------------
  D-DT-SD BLK BLOCK NAME              NCCE    DRY YR     AREA       DRY PRODN
                                             (kg/hec)    (hec)    (000 tonnes)
  --------------------------------------------------------------------------------------------------------------------------------
  2 08 1  01 SURI-I                     14      640.12      50         0.032

  2 08 1  02 SURI-II                    16      926.51      63         0.058

  2 08 1  03 DUBRAJPUR                  16      154.45     100         0.015

  2 08 1  04 MD. BAZAR                   9      753.15       0         0.000

  2 08 1  05 RAJNAGAR                   13      744.52       0         0.000

  2 08 1  06 KHOYRASOLE                 15      514.42      64         0.033

  2 08 1  07 SAINTHIA                   19      593.11     427         0.253

  2 08 2  08 BOLEPUR-SRINIKETAN         19      296.76    1081         0.321

  2 08 2  09 ILLAMBAZAR                 16     1280.74     150         0.192

  2 08 2  10 LABHPUR                    16      574.25     374         0.215

  2 08 2  11 NANOOR                     16      408.90     768         0.314

  2 08 3  12 RAMPURHAT-I                15     1170.67      66         0.077

  2 08 3  13 RAMPURHAT-II               17      683.71     344         0.235

  2 08 3  14 MAYURESWAR-I               11      585.31     102         0.060

  2 08 3  15 MAYURESWAR-II              17      490.49     240         0.118

  2 08 3  16 NALHATI-I                  10     1647.88     857         1.412

  2 08 3  17 NALHATI-II                 17     1415.86     300         0.425

  2 08 3  18 MURARAI-I                  13     1190.20      66         0.079

  2 08 3  19 MURARAI-II                  6      487.23      33         0.016


  --------------------------------------------------------------------------------------------------------------------------------
    08    BIRBHUM                      275      758.15    5085         3.855
  --------------------------------------------------------------------------------------------------------------------------------