          CROP: MUSTARD  (15)                                                   PAGE NO:     9

                              BLOCK WISE YIELD RATE,AREA AND PRODUCTION OF  RABI   CROPS, 2013-14
  --------------------------------------------------------------------------------------------------------------------------------
  D-DT-SD BLK BLOCK NAME              NCCE    DRY YR     AREA       DRY PRODN
                                             (kg/hec)    (hec)    (000 tonnes)
  --------------------------------------------------------------------------------------------------------------------------------
  2 08 1  01 SURI-I                     19      895.69     765         0.685

  2 08 1  02 SURI-II                    18     1009.97     956         0.966

  2 08 1  03 DUBRAJPUR                  19      872.09     685         0.597

  2 08 1  04 MD. BAZAR                  20     1067.38    1298         1.385

  2 08 1  05 RAJNAGAR                   20      783.84     251         0.197

  2 08 1  06 KHOYRASOLE                 19      847.78    1426         1.209

  2 08 1  07 SAINTHIA                   20     1016.86    1736         1.765

  2 08 2  08 BOLEPUR-SRINIKETAN         18     1015.84    1472         1.495

  2 08 2  09 ILLAMBAZAR                 18     1289.35    6247         8.055

  2 08 2  10 LABHPUR                    17      911.86    2269         2.069

  2 08 2  11 NANOOR                     16     1116.90    3084         3.445

  2 08 3  12 RAMPURHAT-I                17      948.78    1976         1.875

  2 08 3  13 RAMPURHAT-II               18     1001.11    2953         2.956

  2 08 3  14 MAYURESWAR-I               18     1092.83    1311         1.433

  2 08 3  15 MAYURESWAR-II              18      950.85    1017         0.967

  2 08 3  16 NALHATI-I                  19      656.57     489         0.321

  2 08 3  17 NALHATI-II                 19      798.99     690         0.551

  2 08 3  18 MURARAI-I                  18      933.17    2442         2.279

  2 08 3  19 MURARAI-II                 20      905.77    2430         2.201


  --------------------------------------------------------------------------------------------------------------------------------
    08    BIRBHUM                      351     1028.48   33497        34.451
  --------------------------------------------------------------------------------------------------------------------------------