          CROP: WHEAT    (06)                                                   PAGE NO:     9

                              BLOCK WISE YIELD RATE,AREA AND PRODUCTION OF  RABI   CROPS, 2013-14
  --------------------------------------------------------------------------------------------------------------------------------
  D-DT-SD BLK BLOCK NAME              NCCE    DRY YR     AREA       DRY PRODN
                                             (kg/hec)    (hec)    (000 tonnes)
  --------------------------------------------------------------------------------------------------------------------------------
  2 08 1  01 SURI-I                     19     2652.25     477         1.265

  2 08 1  02 SURI-II                    18     2819.16     402         1.133

  2 08 1  03 DUBRAJPUR                  20     2668.41    1501         4.005

  2 08 1  04 MD. BAZAR                  18     3164.22    1025         3.243

  2 08 1  05 RAJNAGAR                   20     2496.92     473         1.181

  2 08 1  06 KHOYRASOLE                 20     2381.44    1809         4.308

  2 08 1  07 SAINTHIA                   18     2541.31    1759         4.470

  2 08 2  08 BOLEPUR-SRINIKETAN         18     2845.04    1120         3.186

  2 08 2  09 ILLAMBAZAR                 19     2682.99     800         2.146

  2 08 2  10 LABHPUR                    18     2218.77    1114         2.472

  2 08 2  11 NANOOR                     15     2569.44    1448         3.721

  2 08 3  12 RAMPURHAT-I                17     2922.79    3684        10.768

  2 08 3  13 RAMPURHAT-II               18     3270.24    3921        12.823

  2 08 3  14 MAYURESWAR-I               16     3424.35    1418         4.856

  2 08 3  15 MAYURESWAR-II              17     3125.65    1202         3.757

  2 08 3  16 NALHATI-I                  18     2731.67    3826        10.451

  2 08 3  17 NALHATI-II                 20     3053.79    2245         6.856

  2 08 3  18 MURARAI-I                  20     2518.55    3052         7.687

  2 08 3  19 MURARAI-II                 19     3366.43    3300        11.109


  --------------------------------------------------------------------------------------------------------------------------------
    08    BIRBHUM                      348     2875.90   34576        99.437
  --------------------------------------------------------------------------------------------------------------------------------