          CROP: BORO     (17)                                                   PAGE NO:     9

                              BLOCK WISE YIELD RATE,AREA AND PRODUCTION OF  SUMMER CROPS, 2013-14
  --------------------------------------------------------------------------------------------------------------------------------
  D-DT-SD BLK BLOCK NAME              NCCE    DRY YR     AREA       DRY PRODN   YR CLRICE   PRODN CLRICE
                                             (kg/hec)    (hec)    (000 tonnes)  (kg/hec)    (000 tonnes)
  --------------------------------------------------------------------------------------------------------------------------------
  2 08 1  01 SURI-I                     20     4864.75     803         3.906     3243.17        2.604

  2 08 1  02 SURI-II                    19     5319.34    2029        10.793     3546.23        7.195

  2 08 1  03 DUBRAJPUR                  20     4234.37       0         0.000     2822.91        0.000

  2 08 1  04 MD. BAZAR                  18     4966.68    1189         5.905     3311.12        3.937

  2 08 1  05 RAJNAGAR                    1     5081.70       0         0.000     3387.80        0.000

  2 08 1  06 KHOYRASOLE                  4     5130.74       9         0.046     3420.49        0.031

  2 08 1  07 SAINTHIA                   19     5277.93    5976        31.541     3518.62       21.027

  2 08 2  08 BOLEPUR-SRINIKETAN         19     4839.29    3856        18.660     3226.19       12.440

  2 08 2  09 ILLAMBAZAR                 18     4079.65    5421        22.116     2719.77       14.744

  2 08 2  10 LABHPUR                    18     5237.69    7802        40.864     3491.79       27.243

  2 08 2  11 NANOOR                     16     5125.53    7134        36.566     3417.02       24.377

  2 08 3  12 RAMPURHAT-I                18     5298.73    2442        12.939     3532.49        8.626

  2 08 3  13 RAMPURHAT-II               19     5297.40    5212        27.610     3531.60       18.407

  2 08 3  14 MAYURESWAR-I               17     4941.84    3016        14.905     3294.56        9.936

  2 08 3  15 MAYURESWAR-II              17     5572.54    2700        15.046     3715.03       10.031

  2 08 3  16 NALHATI-I                  17     5108.02    1808         9.235     3405.35        6.157

  2 08 3  17 NALHATI-II                 19     5317.78    5164        27.461     3545.19       18.307

  2 08 3  18 MURARAI-I                  18     5932.76    1375         8.158     3955.17        5.438

  2 08 3  19 MURARAI-II                 18     5147.46    3650        18.788     3431.64       12.525


  --------------------------------------------------------------------------------------------------------------------------------
    08    BIRBHUM                      315     5110.93   59586       304.540     3407.29      203.027
  --------------------------------------------------------------------------------------------------------------------------------