
          CROP: AMAN     (05)                                                   PAGE NO:     1

                              BLOCK WISE YIELD RATE,AREA AND PRODUCTION OF  WINTER CROPS, 2015-16
  --------------------------------------------------------------------------------------------------------------------------------
  D-DT-SD BLK BLOCK NAME              NCCE    DRY YR     AREA       DRY PRODN   YR CLRICE   PRODN CLRICE
                                             (kg/hec)    (hec)    (000 tonnes)  (kg/hec)    (000 tonnes)
  --------------------------------------------------------------------------------------------------------------------------------
  3 01 1  01 DARJEELING-PULBAZAR        20     2905.28     717         2.083     1936.85        1.389

  3 01 1  03 RANGLI-RANGLIAT            20     2135.91      41         0.088     1423.94        0.058

  3 01 2  04 KURSEONG                   10     2931.50      60         0.176     1954.33        0.117

  3 01 2  05 MIRIK                       0     2912.63      34         0.099     1941.75        0.066

  3 01 3  06 KALIMPONG-I                20     3399.96    2301         7.823     2266.64        5.216

  3 01 3  07 KALIMPONG-II               20     3484.06    1756         6.118     2322.71        4.079

  3 01 3  08 GORUBATHAN                 20     3013.54     699         2.106     2009.03        1.404

  3 01 4  09 NAXALBARI                  24     4252.29    3206        13.633     2834.86        9.089

  3 01 4  10 MATIGARA                   20     3237.84     845         2.736     2158.56        1.824

  3 01 4  11 KHARIBARI                  16     2589.81    7072        18.315     1726.54       12.210

  3 01 4  12 PHANSIDEWA                 20     4143.92   10363        42.943     2762.61       28.629


  --------------------------------------------------------------------------------------------------------------------------------
    01    DARJILING                    190     3547.68   27094        96.121     2365.12       64.081
  --------------------------------------------------------------------------------------------------------------------------------