          CROP: AMAN     (05)                                                   PAGE NO:     2

                              BLOCK WISE YIELD RATE,AREA AND PRODUCTION OF  WINTER CROPS, 2014-15
  --------------------------------------------------------------------------------------------------------------------------------
  D-DT-SD BLK BLOCK NAME              NCCE    DRY YR     AREA       DRY PRODN   YR CLRICE   PRODN CLRICE
                                             (kg/hec)    (hec)    (000 tonnes)  (kg/hec)    (000 tonnes)
  --------------------------------------------------------------------------------------------------------------------------------
  3 02 1  01 JALPAIGURI                 56     4306.33   22354        96.264     2870.89       64.176

  3 02 1  02 RAJGANJ                    48     3414.78   20057        68.490     2276.52       45.660

  3 02 1  03 MAINAGURI                  64     4275.03   26101       111.583     2850.02       74.388

  3 02 1  04 NAGRAKATA                  20     2893.42    3892        11.261     1928.95        7.507

  3 02 1  05 DHUPGURI                   20     3954.68   21670        85.698     2636.45       57.132

  3 02 1  06 MAL                        44     3059.19   11320        34.630     2039.46       23.087

  3 02 1  07 METIALI                    20     3515.97    2062         7.250     2343.98        4.833

  3 02 1  08 MADARIHAT                  20     3854.88    5035        19.409     2569.92       12.940

  3 02 2  09 ALIPURDUAR-I               20     3157.38   14316        45.201     2104.92       30.134

  3 02 2  10 ALIPURDUAR-II              40     3164.55   19343        61.212     2109.70       40.808

  3 02 2  11 KUMARGRAM                  20     3446.71   10404        35.860     2297.81       23.906

  3 02 2  12 KALCHINI                   20     3911.65    3251        12.717     2607.77        8.478

  3 02 2  13 FALAKATA                   32     3691.53   16615        61.335     2461.02       40.890


  --------------------------------------------------------------------------------------------------------------------------------
    02    JALPAIGURI                   424     3689.54  176420       650.909     2459.69      433.939
  --------------------------------------------------------------------------------------------------------------------------------