          CROP: JUTE     (01)                                                   PAGE NO:     2

                              BLOCK WISE YIELD RATE,AREA AND PRODUCTION OF  BHADUI CROPS, 2014-15
  --------------------------------------------------------------------------------------------------------------------------------
  D-DT-SD BLK BLOCK NAME              NCCE    DRY YR     AREA       DRY PRODN
                                              (bales/hec)(hec)    ('000 bales)
  --------------------------------------------------------------------------------------------------------------------------------
  3 02 1  01 JALPAIGURI                 56       13.26    4893        64.881

  3 02 1  02 RAJGANJ                    36       15.47    3996        61.818

  3 02 1  03 MAINAGURI                  64       13.44    8017       107.748

  3 02 1  04 NAGRAKATA                  18       16.64     632        10.516

  3 02 1  05 DHUPGURI                   20       13.48    5810        78.319

  3 02 1  06 MAL                        32       11.41    2137        24.383

  3 02 1  07 METIALI                    19       13.35     825        11.014

  3 02 1  08 MADARIHAT                  12       10.53     800         8.424

  3 02 2  09 ALIPURDUAR-I               20        9.85    2023        19.927

  3 02 2  10 ALIPURDUAR-II              40       11.25    2636        29.655

  3 02 2  11 KUMARGRAM                  20       18.13     640        11.603

  3 02 2  12 KALCHINI                   20       14.40     223         3.211

  3 02 2  13 FALAKATA                   32       16.02    2690        43.094


  --------------------------------------------------------------------------------------------------------------------------------
    02    JALPAIGURI                   389       13.44   35322       474.594
  --------------------------------------------------------------------------------------------------------------------------------
