          CROP: MUSTARD  (15)                                                   PAGE NO:     2

                              BLOCK WISE YIELD RATE,AREA AND PRODUCTION OF  RABI   CROPS, 2014-15
  --------------------------------------------------------------------------------------------------------------------------------
  D-DT-SD BLK BLOCK NAME              NCCE    DRY YR     AREA       DRY PRODN
                                             (kg/hec)    (hec)    (000 tonnes)
  --------------------------------------------------------------------------------------------------------------------------------
  3 02 1  01 JALPAIGURI-SADAR           20      440.19    1019         0.449

  3 02 1  02 RAJGANJ                    18      526.14     639         0.336

  3 02 1  03 MAYNAGURI                  19      529.11     930         0.492

  3 02 1  04 NAGRAKATA                  18      539.64       2         0.001

  3 02 1  05 DHUPGURI                   20      827.17     724         0.599

  3 02 1  06 MAL                        18      783.53       8         0.006

  3 02 1  07 MATIALI                    19      783.07      81         0.063

  3 02 1  08 MADARIHAT- BIRPARA         16      713.21     322         0.230

  3 02 2  09 ALIPURDUAR-I               19      659.86     748         0.494

  3 02 2  10 ALIPURDUAR-II              20      675.60     629         0.425

  3 02 2  11 KUMARGRAM                  18      869.65     488         0.424

  3 02 2  12 KALCHINI                   20      325.05      71         0.023

  3 02 2  13 FALAKATA                   20      524.34    2093         1.097


  --------------------------------------------------------------------------------------------------------------------------------
    02    JALPAIGURI                   245      598.35    7754         4.640
  --------------------------------------------------------------------------------------------------------------------------------