          CROP: WHEAT    (06)                                                   PAGE NO:     2

                              BLOCK WISE YIELD RATE,AREA AND PRODUCTION OF  RABI   CROPS, 2014-15
  --------------------------------------------------------------------------------------------------------------------------------
  D-DT-SD BLK BLOCK NAME              NCCE    DRY YR     AREA       DRY PRODN
                                             (kg/hec)    (hec)    (000 tonnes)
  --------------------------------------------------------------------------------------------------------------------------------
  3 02 1  01 JALPAIGURI-SADAR           20     1870.00    1477         2.762

  3 02 1  02 RAJGANJ                     2     2250.17    2172         4.887

  3 02 1  03 MAYNAGURI                  20     2618.49    2203         5.769

  3 02 1  04 NAGRAKATA                  16     2025.16     122         0.247

  3 02 1  05 DHUPGURI                   20     2379.68    2485         5.914

  3 02 1  06 MAL                        16     1850.93     786         1.455

  3 02 1  07 MATIALI                    16     1689.70     118         0.199

  3 02 1  08 MADARIHAT- BIRPARA         20     1987.31     232         0.461

  3 02 2  09 ALIPURDUAR-I               20     2613.93    2018         5.275

  3 02 2  10 ALIPURDUAR-II              18     2255.80    2003         4.518

  3 02 2  11 KUMARGRAM                  20     2013.66    1250         2.517

  3 02 2  12 KALCHINI                   20     2652.53      42         0.111

  3 02 2  13 FALAKATA                   20     1902.20    1915         3.643


  --------------------------------------------------------------------------------------------------------------------------------
    02    JALPAIGURI                   228     2244.44   16823        37.758
  --------------------------------------------------------------------------------------------------------------------------------