          CROP: BORO     (17)                                                   PAGE NO:     2

                              BLOCK WISE YIELD RATE,AREA AND PRODUCTION OF  SUMMER CROPS, 2014-15
  --------------------------------------------------------------------------------------------------------------------------------
  D-DT-SD BLK BLOCK NAME              NCCE    DRY YR     AREA       DRY PRODN   YR CLRICE   PRODN CLRICE
                                             (kg/hec)    (hec)    (000 tonnes)  (kg/hec)    (000 tonnes)
  --------------------------------------------------------------------------------------------------------------------------------
  3 02 1  01 JALPAIGURI                 56     5144.82    2400        12.348     3429.88        8.232

  3 02 1  02 RAJGANJ                    36     3372.35   12832        43.274     2248.23       28.849

  3 02 1  03 MAINAGURI                  64     5094.79    1525         7.770     3396.53        5.180

  3 02 1  04 NAGRAKATA                   2     3677.75      62         0.228     2451.83        0.152

  3 02 1  05 DHUPGURI                   44     4911.45     356         1.748     3274.30        1.166

  3 02 1  06 MAL                        36     3560.67     726         2.585     2373.78        1.723

  3 02 1  07 METIALI                     8     4159.16      53         0.220     2772.77        0.147

  3 02 1  08 MADARIHAT                  19     3277.20     216         0.708     2184.80        0.472

  3 02 2  09 ALIPURDUAR-I               20     4368.13     509         2.223     2912.09        1.482

  3 02 2  10 ALIPURDUAR-II              40     4388.78    1684         7.391     2925.85        4.927

  3 02 2  11 KUMARGRAM                  20     3209.76     665         2.134     2139.84        1.423

  3 02 2  12 KALCHINI                   20     3642.45     170         0.619     2428.30        0.413

  3 02 2  13 FALAKATA                   32     4763.44    1581         7.531     3175.63        5.021


  --------------------------------------------------------------------------------------------------------------------------------
    02    JALPAIGURI                   397     3897.44   22779        88.780     2598.29       59.187
  --------------------------------------------------------------------------------------------------------------------------------