          CROP: TIL      (18)                                                   PAGE NO:     2

                              BLOCK WISE YIELD RATE,AREA AND PRODUCTION OF  SUMMER CROPS, 2014-15
  --------------------------------------------------------------------------------------------------------------------------------
  D-DT-SD BLK BLOCK NAME              NCCE    DRY YR     AREA       DRY PRODN
                                             (kg/hec)    (hec)    (000 tonnes)
  --------------------------------------------------------------------------------------------------------------------------------
  3 02 1  01 JALPAIGURI                 20      855.53     360         0.308

  3 02 1  02 RAJGANJ                    20      664.08     150         0.100

  3 02 1  03 MAINAGURI                  18      515.22     233         0.120

  3 02 1  04 NAGRAKATA                   0      675.26       3         0.002

  3 02 1  05 DHUPGURI                   12      570.03     203         0.116

  3 02 1  06 MAL                         0      675.26      65         0.044

  3 02 1  07 METIALI                     0      675.26      95         0.064

  3 02 1  08 MADARIHAT                   0      675.26      25         0.017

  3 02 2  09 ALIPURDUAR-I                0      675.26      12         0.008

  3 02 2  10 ALIPURDUAR-II               0      675.26      20         0.014

  3 02 2  11 KUMARGRAM                   0      675.26      25         0.017

  3 02 2  12 KALCHINI                    0      675.26      20         0.014

  3 02 2  13 FALAKATA                    0      675.26      62         0.042


  --------------------------------------------------------------------------------------------------------------------------------
    02    JALPAIGURI                    70      678.85    1273         0.864
  --------------------------------------------------------------------------------------------------------------------------------