          CROP: MASKALAI (10)                                                   PAGE NO:     2

                              BLOCK WISE YIELD RATE,AREA AND PRODUCTION OF  WINTER CROPS, 2014-15
  --------------------------------------------------------------------------------------------------------------------------------
  D-DT-SD BLK BLOCK NAME              NCCE    DRY YR     AREA       DRY PRODN
                                             (kg/hec)    (hec)    (000 tonnes)
  --------------------------------------------------------------------------------------------------------------------------------
  3 02 1  01 JALPAIGURI                  4      569.98       6         0.003

  3 02 1  02 RAJGANJ                     9      755.38     106         0.080

  3 02 1  03 MAINAGURI                   6      486.83      88         0.043

  3 02 1  04 NAGRAKATA                   6      535.85      28         0.015

  3 02 1  05 DHUPGURI                   20      431.93     110         0.048

  3 02 1  06 MAL                         4      566.05      14         0.008

  3 02 1  07 METIALI                    11      490.75       0         0.000

  3 02 1  08 MADARIHAT                   0      566.39      73         0.041

  3 02 2  09 ALIPURDUAR-I                8      379.94      23         0.009

  3 02 2  10 ALIPURDUAR-II               0      659.34     204         0.135

  3 02 2  11 KUMARGRAM                  18      721.14     126         0.091

  3 02 2  12 KALCHINI                   20      259.01      40         0.010

  3 02 2  13 FALAKATA                   20      669.92     366         0.245


  --------------------------------------------------------------------------------------------------------------------------------
    02    JALPAIGURI                   126      614.68    1184         0.728
  --------------------------------------------------------------------------------------------------------------------------------