          CROP: MAIZE    (03)                                                   PAGE NO:     2

                              BLOCK WISE YIELD RATE,AREA AND PRODUCTION OF  BHADUI CROPS, 2014-15
  --------------------------------------------------------------------------------------------------------------------------------
  D-DT-SD BLK BLOCK NAME              NCCE    DRY YR     AREA       DRY PRODN
                                             (kg/hec)    (hec)    (000 tonnes)
  --------------------------------------------------------------------------------------------------------------------------------
  3 02 1  01 JALPAIGURI                  0     1472.23      30         0.044

  3 02 1  02 RAJGANJ                     0     1472.23      14         0.021

  3 02 1  03 MAINAGURI                   0     1472.23       6         0.009

  3 02 1  04 NAGRAKATA                  20     1012.71     563         0.570

  3 02 1  05 DHUPGURI                    0     1472.23     240         0.353

  3 02 1  06 MAL                         0     1472.23     195         0.287

  3 02 1  07 METIALI                    14     1930.39     124         0.239

  3 02 1  08 MADARIHAT                  20     1872.62    1188         2.225

  3 02 2  09 ALIPURDUAR-I                0     2929.29     124         0.363

  3 02 2  10 ALIPURDUAR-II               0     2929.29     782         2.291

  3 02 2  11 KUMARGRAM                   0     2929.29     147         0.431

  3 02 2  12 KALCHINI                   20     2526.76     673         1.701

  3 02 2  13 FALAKATA                    0     2929.29     277         0.811


  --------------------------------------------------------------------------------------------------------------------------------
    02    JALPAIGURI                    74     2141.80    4363         9.345
  --------------------------------------------------------------------------------------------------------------------------------