          CROP: AUS      (02)                                                   PAGE NO:     2

                              BLOCK WISE YIELD RATE,AREA AND PRODUCTION OF  BHADUI CROPS, 2014-15
  --------------------------------------------------------------------------------------------------------------------------------
  D-DT-SD BLK BLOCK NAME              NCCE    DRY YR     AREA       DRY PRODN   YR CLRICE   PRODN CLRICE
                                             (kg/hec)    (hec)    (000 tonnes)  (kg/hec)    (000 tonnes)
  --------------------------------------------------------------------------------------------------------------------------------
  3 02 1  01 JALPAIGURI                 56     4397.82    1435         6.311     2931.88        4.207

  3 02 1  02 RAJGANJ                    20     3515.07     398         1.399     2343.38        0.933

  3 02 1  03 MAINAGURI                  64     3711.98    2408         8.938     2474.65        5.959

  3 02 1  04 NAGRAKATA                  17     2584.54     258         0.667     1723.03        0.445

  3 02 1  05 DHUPGURI                   20     3773.63    4000        15.095     2515.75       10.063

  3 02 1  06 MAL                        20     2722.05     927         2.523     1814.70        1.682

  3 02 1  07 METIALI                    18     3134.95     656         2.057     2089.97        1.371

  3 02 1  08 MADARIHAT                  20     2105.81    1446         3.045     1403.87        2.030

  3 02 2  09 ALIPURDUAR-I               20     2818.15    2710         7.637     1878.77        5.091

  3 02 2  10 ALIPURDUAR-II              40     2579.56    5092        13.135     1719.71        8.757

  3 02 2  11 KUMARGRAM                  20     3157.67    2794         8.823     2105.11        5.882

  3 02 2  12 KALCHINI                   20     2122.04     323         0.685     1414.69        0.457

  3 02 2  13 FALAKATA                   40     3683.30    8898        32.774     2455.53       21.849


  --------------------------------------------------------------------------------------------------------------------------------
    02    JALPAIGURI                   375     3288.84   31345       103.089     2192.56       68.726
  --------------------------------------------------------------------------------------------------------------------------------