          CROP: AMAN     (05)                                                   PAGE NO:    22

                              BLOCK WISE YIELD RATE,AREA AND PRODUCTION OF  WINTER CROPS, 2013-14
  --------------------------------------------------------------------------------------------------------------------------------
  D-DT-SD BLK BLOCK NAME              NCCE    DRY YR     AREA       DRY PRODN   YR CLRICE   PRODN CLRICE
                                             (kg/hec)    (hec)    (000 tonnes)  (kg/hec)    (000 tonnes)
  --------------------------------------------------------------------------------------------------------------------------------
  2 19 1  01 TAMLUK                     16      937.76    1432         1.343      625.17        0.895

  2 19 1  02 SAHID MATANGINI (T-I       16     1179.89    2385         2.814      786.59        1.876

  2 19 1  03 PANSKURA-I                 16       85.71    2614         0.224       57.14        0.149

  2 19 1  04 PANSKURA-II                16     1264.63    3186         4.029      843.09        2.686

  2 19 1  05 MOYNA                      16     1237.94    2148         2.659      825.29        1.773

  2 19 1  06 NANDIGRAM-III              16      516.03    2248         1.160      344.02        0.773

  2 19 1  07 NANDAKUMAR (M -I)          16      925.00    2441         2.258      616.67        1.505

  2 19 2  08 MOHISADAL                  16     1920.87    9894        19.005     1280.58       12.670

  2 19 2  09 NANDIGRAM-I                16     2800.23   23845        66.771     1866.82       44.514

  2 19 2  10 NANDIGRAM-II               16     2014.05    8527        17.174     1342.70       11.449

  2 19 2  11 SUTAHATA                   16     1894.06    4596         8.705     1262.71        5.803

  2 19 2  12 HALDIA (S -II)             16      671.63    1571         1.055      447.75        0.703

  2 19 3  13 CONTAI-I                   16     2015.96   10836        21.845     1343.97       14.563

  2 19 3  14 CONTAI-II                  16     1840.56   12867        23.682     1227.04       15.788

  2 19 3  15 CONTAI-III                 16     2057.35   13195        27.147     1371.57       18.098

  2 19 3  16 KHEJURI-I                  16     2441.63    8756        21.379     1627.75       14.253

  2 19 3  17 KHEJURI-II                 16     1945.79    8478        16.496     1297.19       10.998

  2 19 3  18 BHAGAWANPUR-II             16      844.85    2715         2.294      563.23        1.529

  2 19 3  19 RAMNAGAR-I                 16     1135.70    2018         2.292      757.13        1.528

  2 19 3  20 RAMNAGAR-II                16     1815.91    9622        17.473     1210.61       11.648

  2 19 4  21 EGRA-I                     16     2000.18   16715        33.433     1333.45       22.289

  2 19 4  22 EGRA-II                    16     4020.19   29728       119.512     2680.13       79.675

  2 19 4  23 POTASHPUR-I                16     2693.59   17281        46.548     1795.73       31.032

  2 19 4  24 POTASHPUR-II               16     3012.56   29950        90.226     2008.37       60.151          CROP: AMAN     (05)                                                   PAGE NO:    23

                              BLOCK WISE YIELD RATE,AREA AND PRODUCTION OF  WINTER CROPS, 2013-14
  --------------------------------------------------------------------------------------------------------------------------------
  D-DT-SD BLK BLOCK NAME              NCCE    DRY YR     AREA       DRY PRODN   YR CLRICE   PRODN CLRICE
                                             (kg/hec)    (hec)    (000 tonnes)  (kg/hec)    (000 tonnes)
  --------------------------------------------------------------------------------------------------------------------------------
  2 19 4  25 BHAGAWANPUR-I              16     1428.11   10275        14.674      952.07        9.783


  --------------------------------------------------------------------------------------------------------------------------------
    19    PURBA MEDINIPUR              400     2377.35  237323       564.199     1584.90      376.132
  --------------------------------------------------------------------------------------------------------------------------------