          CROP: MUSTARD  (15)                                                   PAGE NO:    21

                              BLOCK WISE YIELD RATE,AREA AND PRODUCTION OF  RABI   CROPS, 2013-14
  --------------------------------------------------------------------------------------------------------------------------------
  D-DT-SD BLK BLOCK NAME              NCCE    DRY YR     AREA       DRY PRODN
                                             (kg/hec)    (hec)    (000 tonnes)
  --------------------------------------------------------------------------------------------------------------------------------
  2 19 1  01 TAMLUK (TAMLUK-I)           0     1090.83       5         0.005

  2 19 1  02 SAHID MATANGINI (T-I        0     1090.83       2         0.002

  2 19 1  03 PANSKURA-I                 16     1076.65     921         0.992

  2 19 1  04 PANSKURA-II                16      593.67      31         0.018

  2 19 1  05 MAYNA                       0     1090.83      57         0.062

  2 19 1  06 CHANDIPUR (NANDIGRAM       18      604.97      23         0.014

  2 19 2  08 MOHISADAL-II                0      575.10       4         0.002

  2 19 2  09 NANDIGRAM-I                 0      575.10      57         0.033

  2 19 2  10 NANDIGRAM-II               20      615.50      50         0.031

  2 19 3  13 CONTAI-I                    0      684.95       7         0.005

  2 19 3  14 CONTAI-II                   3      441.52      28         0.012

  2 19 3  15 CONTAI-III                  3      472.88       9         0.004

  2 19 3  16 KHEJURI-I                   2      630.05      20         0.013

  2 19 3  17 KHEJURI-II                  0      684.95      67         0.046

  2 19 3  18 BHAGAWANPUR-II             16      825.92     139         0.115

  2 19 4  21 EGRA-I                      0      972.07      59         0.057

  2 19 4  22 EGRA-II                     0      972.07       9         0.009

  2 19 4  23 PATASHPUR-I                 0      972.07       3         0.003

  2 19 4  24 PATASHPUR-II                0      972.07      19         0.018

  2 19 4  25 BHAGAWANPUR-I              16      974.42       7         0.007


  --------------------------------------------------------------------------------------------------------------------------------
    19    PURBA MEDINIPUR              110      954.91    1517         1.449
  --------------------------------------------------------------------------------------------------------------------------------