          CROP: AUS      (02)                                                   PAGE NO:    19

                              BLOCK WISE YIELD RATE,AREA AND PRODUCTION OF  BHADUI CROPS, 2013-14
  --------------------------------------------------------------------------------------------------------------------------------
  D-DT-SD BLK BLOCK NAME              NCCE    DRY YR     AREA       DRY PRODN   YR CLRICE   PRODN CLRICE
                                             (kg/hec)    (hec)    (000 tonnes)  (kg/hec)    (000 tonnes)
  --------------------------------------------------------------------------------------------------------------------------------
  2 19 1  01 TAMLUK                      0     1003.35       4         0.004      668.90        0.003

  2 19 1  03 PANSKURA-I                  1     1085.12     621         0.674      723.41        0.449

  2 19 1  05 MOYNA                      16     1830.82       0         0.000     1220.55        0.000

  2 19 1  06 NANDIGRAM-III              18      715.44    1243         0.889      476.96        0.593

  2 19 2  08 MOHISADAL                   0     3065.81     150         0.460     2043.87        0.307

  2 19 2  09 NANDIGRAM-I                 0     3065.81    3187         9.771     2043.87        6.514

  2 19 2  10 NANDIGRAM-II                0     3065.81     143         0.438     2043.87        0.292

  2 19 4  22 EGRA-II                    13     3921.02       0         0.000     2614.01        0.000

  2 19 4  23 POTASHPUR-I                18     3798.85    4682        17.786     2532.57       11.857

  2 19 4  24 POTASHPUR-II               17     4662.44     949         4.425     3108.29        2.950

  2 19 4  25 BHAGAWANPUR-I              17     1046.49     476         0.498      697.66        0.332


  --------------------------------------------------------------------------------------------------------------------------------
    19    PURBA MEDINIPUR              100     3050.65   11455        34.945     2033.77       23.297
  --------------------------------------------------------------------------------------------------------------------------------