          CROP: BORO     (17)                                                   PAGE NO:    22

                              BLOCK WISE YIELD RATE,AREA AND PRODUCTION OF  SUMMER CROPS, 2013-14
  --------------------------------------------------------------------------------------------------------------------------------
  D-DT-SD BLK BLOCK NAME              NCCE    DRY YR     AREA       DRY PRODN   YR CLRICE   PRODN CLRICE
                                             (kg/hec)    (hec)    (000 tonnes)  (kg/hec)    (000 tonnes)
  --------------------------------------------------------------------------------------------------------------------------------
  2 19 1  01 TAMLUK                     17     5493.00    4885        26.833     3662.00       17.889

  2 19 1  02 SAHID MATANGINI (T-I       16     5384.87    4826        25.987     3589.91       17.325

  2 19 1  03 PANSKURA-I                 16     4986.98   11926        59.475     3324.65       39.650

  2 19 1  04 PANSKURA-II                16     5467.35    8249        45.100     3644.90       30.067

  2 19 1  05 MOYNA                      16     5190.65    8997        46.700     3460.43       31.134

  2 19 1  06 NANDIGRAM-III              18     5289.80    2462        13.023     3526.53        8.682

  2 19 1  07 NANDAKUMAR (M -I)          16     5260.03    9327        49.060     3506.69       32.707

  2 19 2  08 MOHISADAL                  16     5630.07    6356        35.785     3753.38       23.856

  2 19 2  09 NANDIGRAM-I                16     5683.36     810         4.604     3788.91        3.069

  2 19 2  10 NANDIGRAM-II               18     5561.91    1470         8.176     3707.94        5.451

  2 19 2  11 SUTAHATA                   17     4839.66    1206         5.837     3226.44        3.891

  2 19 2  12 HALDIA (S -II)             17     4753.74     432         2.054     3169.16        1.369

  2 19 3  13 CONTAI-I                   17     4940.17    1071         5.291     3293.45        3.527

  2 19 3  14 CONTAI-II                  17     5173.83    1796         9.292     3449.22        6.195

  2 19 3  15 CONTAI-III                 20     4591.68    2095         9.620     3061.12        6.413

  2 19 3  16 KHEJURI-I                  20     4219.88    1088         4.591     2813.25        3.061

  2 19 3  17 KHEJURI-II                 16     5023.87    1020         5.124     3349.25        3.416

  2 19 3  18 BHAGAWANPUR-II             16     4125.41   11121        45.879     2750.27       30.586

  2 19 3  19 RAMNAGAR-I                 16     5181.21    5944        30.797     3454.14       20.531

  2 19 3  20 RAMNAGAR-II                16     5525.49    7919        43.756     3683.66       29.171

  2 19 4  21 EGRA-I                     16     4812.42   10480        50.434     3208.28       33.623

  2 19 4  22 EGRA-II                    16     6003.67    4759        28.571     4002.45       19.048

  2 19 4  23 POTASHPUR-I                17     6749.61   10565        71.310     4499.74       47.540

  2 19 4  24 POTASHPUR-II               16     4078.91    9209        37.563     2719.27       25.042
          CROP: BORO     (17)                                                   PAGE NO:    23

                              BLOCK WISE YIELD RATE,AREA AND PRODUCTION OF  SUMMER CROPS, 2013-14
  --------------------------------------------------------------------------------------------------------------------------------
  D-DT-SD BLK BLOCK NAME              NCCE    DRY YR     AREA       DRY PRODN   YR CLRICE   PRODN CLRICE
                                             (kg/hec)    (hec)    (000 tonnes)  (kg/hec)    (000 tonnes)
  --------------------------------------------------------------------------------------------------------------------------------
  2 19 4  25 BHAGAWANPUR-I              17     4229.83   11946        50.530     2819.89       33.686


  --------------------------------------------------------------------------------------------------------------------------------
    19    PURBA MEDINIPUR              419     5111.44  139959       715.392     3407.63      476.928
  --------------------------------------------------------------------------------------------------------------------------------