          CROP: WHEAT    (06)                                                   PAGE NO:    11

                              BLOCK WISE YIELD RATE,AREA AND PRODUCTION OF  RABI   CROPS, 2013-14
  --------------------------------------------------------------------------------------------------------------------------------
  D-DT-SD BLK BLOCK NAME              NCCE    DRY YR     AREA       DRY PRODN
                                             (kg/hec)    (hec)    (000 tonnes)
  --------------------------------------------------------------------------------------------------------------------------------
  1 10 1  01 KALIGANJ                   16     3772.74    2923        11.028

  1 10 1  02 NAKASHIPARA                16     2936.84    2712         7.965

  1 10 1  03 KRISHNAGAR-I               16     3174.56    1241         3.940

  1 10 1  04 KRISHNAGAR-II              16     3518.06    1070         3.764

  1 10 1  05 CHAPRA                     16     2532.12     871         2.205

  1 10 1  06 NABADWIP                   16     4082.90    4307        17.585

  1 10 1  07 KRISHNAGANJ                16     3017.37     415         1.252

  1 10 2  08 KARIMPUR-I                 16     3095.26    8268        25.592

  1 10 2  09 KARIMPUR-II                16     3268.32    6324        20.669

  1 10 2  10 TEHATTA-I                  16     3364.57    6231        20.965

  1 10 2  11 TEHATTA-II                 16     3849.30    3896        14.997

  1 10 3  12 SANTIPUR                   16     3122.58    1435         4.481

  1 10 3  13 RANAGHAT-I                 11     2715.00      93         0.252

  1 10 3  14 RANAGHAT-II                 5     3639.43    1388         5.052

  1 10 3  15 HANSKHALI                  16     2847.03    1464         4.168

  1 10 4  16 CHAKDAH                     5     2497.93     316         0.789

  1 10 4  17 HARINGHATA                  3     3282.85    1315         4.317


  --------------------------------------------------------------------------------------------------------------------------------
    10    NADIA                        232     3366.25   44269       149.020
  --------------------------------------------------------------------------------------------------------------------------------