          CROP: TIL      (18)                                                   PAGE NO:    12

                              BLOCK WISE YIELD RATE,AREA AND PRODUCTION OF  SUMMER CROPS, 2013-14
  --------------------------------------------------------------------------------------------------------------------------------
  D-DT-SD BLK BLOCK NAME              NCCE    DRY YR     AREA       DRY PRODN
                                             (kg/hec)    (hec)    (000 tonnes)
  --------------------------------------------------------------------------------------------------------------------------------
  1 10 1  01 KALIGANJ                   16     1162.35    3252         3.780

  1 10 1  02 NAKASHIPARA                17      876.54    2455         2.152

  1 10 1  03 KRISHNAGAR-I               16     1082.14    2067         2.237

  1 10 1  04 KRISHNAGAR-II              16     1090.70    2522         2.751

  1 10 1  05 CHAPRA                     16      853.33    2251         1.921

  1 10 1  06 NABADWIP                   16      935.38    1045         0.977

  1 10 1  07 KRISHNAGANJ                14     1924.80    1740         3.349

  1 10 2  08 KARIMPUR-I                 19     1818.71    1476         2.684

  1 10 2  09 KARIMPUR-II                16     1138.69     426         0.485

  1 10 2  10 TEHATTA-I                  16     1207.97    4261         5.147

  1 10 2  11 TEHATTA-II                 18     1164.11    1381         1.608

  1 10 3  12 SANTIPUR                   16     1701.38     576         0.980

  1 10 3  13 RANAGHAT-I                 18     1088.62     911         0.992

  1 10 3  14 RANAGHAT-II                16     1241.27    1427         1.771

  1 10 3  15 HANSKHALI                  16      977.46    1792         1.752

  1 10 4  16 CHAKDAH                    16      913.84     944         0.863

  1 10 4  17 HARINGHATA                 14     1806.19     658         1.188


  --------------------------------------------------------------------------------------------------------------------------------
    10    NADIA                        276     1186.85   29184        34.637
  --------------------------------------------------------------------------------------------------------------------------------