          CROP: BORO     (17)                                                   PAGE NO:    12

                              BLOCK WISE YIELD RATE,AREA AND PRODUCTION OF  SUMMER CROPS, 2013-14
  --------------------------------------------------------------------------------------------------------------------------------
  D-DT-SD BLK BLOCK NAME              NCCE    DRY YR     AREA       DRY PRODN   YR CLRICE   PRODN CLRICE
                                             (kg/hec)    (hec)    (000 tonnes)  (kg/hec)    (000 tonnes)
  --------------------------------------------------------------------------------------------------------------------------------
  1 10 1  01 KALIGANJ                   16     6029.77    8013        48.317     4019.85       32.211

  1 10 1  02 NAKASHIPARA                16     6127.13   11922        73.048     4084.75       48.698

  1 10 1  03 KRISHNAGAR-I               16     5708.41    6251        35.683     3805.61       23.789

  1 10 1  04 KRISHNAGAR-II              16     5929.42    3265        19.360     3952.95       12.906

  1 10 1  05 CHAPRA                     16     4812.82   13744        66.147     3208.55       44.098

  1 10 1  06 NABADWIP                   16     5638.48    2164        12.202     3758.99        8.134

  1 10 1  07 KRISHNAGANJ                18     5335.71    1486         7.929     3557.14        5.286

  1 10 2  08 KARIMPUR-I                 19     5546.78     276         1.531     3697.85        1.021

  1 10 2  09 KARIMPUR-II                16     5738.03    1441         8.269     3825.35        5.512

  1 10 2  10 TEHATTA-I                  16     5261.76    3769        19.832     3507.84       13.221

  1 10 2  11 TEHATTA-II                 16     5741.96    2171        12.466     3827.97        8.311

  1 10 3  12 SANTIPUR                   16     4958.27    3934        19.506     3305.51       13.004

  1 10 3  13 RANAGHAT-I                 20     5293.82    3518        18.624     3529.21       12.416

  1 10 3  14 RANAGHAT-II                16     5770.66    7056        40.718     3847.11       27.145

  1 10 3  15 HANSKHALI                  16     5214.96    6667        34.768     3476.64       23.179

  1 10 4  16 CHAKDAH                    16     6000.99   12934        77.617     4000.66       51.745

  1 10 4  17 HARINGHATA                 16     5335.98    5720        30.522     3557.32       20.348


  --------------------------------------------------------------------------------------------------------------------------------
    10    NADIA                        281     5581.79   94331       526.536     3721.19      351.024
  --------------------------------------------------------------------------------------------------------------------------------