          CROP: GRAM     (08)                                                   PAGE NO:     8

                              BLOCK WISE YIELD RATE,AREA AND PRODUCTION OF  RABI   CROPS, 2013-14
  --------------------------------------------------------------------------------------------------------------------------------
  D-DT-SD BLK BLOCK NAME              NCCE    DRY YR     AREA       DRY PRODN
                                             (kg/hec)    (hec)    (000 tonnes)
  --------------------------------------------------------------------------------------------------------------------------------
  1 10 1  01 KALIGANJ                    7     1069.74    1042         1.115

  1 10 1  02 NAKASHIPARA                16      964.28     659         0.635

  1 10 1  03 KRISHNAGAR-I                4      932.55     122         0.114

  1 10 1  04 KRISHNAGAR-II              14      789.74      38         0.030

  1 10 1  05 CHAPRA                     16      749.97     180         0.135

  1 10 1  06 NABADWIP                    0      937.06     120         0.112

  1 10 1  07 KRISHNAGANJ                 8      706.58      82         0.058

  1 10 2  08 KARIMPUR-I                 12      996.96     124         0.124

  1 10 2  09 KARIMPUR-II                 8      828.77     146         0.121

  1 10 2  10 TEHATTA-I                  16     1218.45    1749         2.131

  1 10 2  11 TEHATTA-II                 16     1142.72    1518         1.735

  1 10 3  12 SANTIPUR                    3      826.63     185         0.153

  1 10 3  13 RANAGHAT-I                  0     1003.26     129         0.129

  1 10 3  14 RANAGHAT-II                 3     1061.57     408         0.433

  1 10 3  15 HANSKHALI                  16      742.08     109         0.081

  1 10 4  16 CHAKDAH                     0     1047.92     150         0.157

  1 10 4  17 HARINGHATA                  0     1047.92      27         0.028


  --------------------------------------------------------------------------------------------------------------------------------
    10    NADIA                        139     1074.17    6788         7.291
  --------------------------------------------------------------------------------------------------------------------------------