          CROP: JUTE     (01)                                                   PAGE NO:    11

                              BLOCK WISE YIELD RATE,AREA AND PRODUCTION OF  BHADUI CROPS, 2013-14
  --------------------------------------------------------------------------------------------------------------------------------
  D-DT-SD BLK BLOCK NAME              NCCE    DRY YR     AREA       DRY PRODN
                                              (bales/hec)(hec)    ('000 bales)
  --------------------------------------------------------------------------------------------------------------------------------
  1 10 1  01 KALIGANJ                   16       18.05    8428       152.125

  1 10 1  02 NAKASHIPARA                20       17.54   13416       235.317

  1 10 1  03 KRISHNAGAR-I               16       16.36    7069       115.649

  1 10 1  04 KRISHNAGAR-II              16       16.71    4172        69.714

  1 10 1  05 CHAPRA                     16       16.85    7489       126.190

  1 10 1  06 NABADWIP                   16       15.50    3632        56.296

  1 10 1  07 KRISHNAGANJ                16       16.07    3808        61.195

  1 10 2  08 KARIMPUR-I                 18       22.77   14127       321.672

  1 10 2  09 KARIMPUR-II                16       14.13   10323       145.864

  1 10 2  10 TEHATTA-I                  16       15.30   10868       166.280

  1 10 2  11 TEHATTA-II                 16       16.52    9792       161.764

  1 10 3  12 SANTIPUR                   16       15.97    3913        62.491

  1 10 3  13 RANAGHAT-I                 16       21.04    3230        67.959

  1 10 3  14 RANAGHAT-II                16       18.37    5438        99.896

  1 10 3  15 HANSKHALI                  16       14.91    5423        80.857

  1 10 4  16 CHAKDAH                    16       18.31    6644       121.652

  1 10 4  17 HARINGHATA                 16       17.96    2383        42.799


  --------------------------------------------------------------------------------------------------------------------------------
    10    NADIA                        278       17.38  120155      2087.718
  --------------------------------------------------------------------------------------------------------------------------------