          CROP: MUSUR    (09)                                                   PAGE NO:    12

                              BLOCK WISE YIELD RATE,AREA AND PRODUCTION OF  RABI   CROPS, 2013-14
  --------------------------------------------------------------------------------------------------------------------------------
  D-DT-SD BLK BLOCK NAME              NCCE    DRY YR     AREA       DRY PRODN
                                             (kg/hec)    (hec)    (000 tonnes)
  --------------------------------------------------------------------------------------------------------------------------------
  1 10 1  01 KALIGANJ                   16      908.45    2543         2.310

  1 10 1  02 NAKASHIPARA                16      979.12     485         0.475

  1 10 1  03 KRISHNAGAR-I               16      675.07     414         0.279

  1 10 1  04 KRISHNAGAR-II              16      752.94    1161         0.874

  1 10 1  05 CHAPRA                     16      558.64     432         0.241

  1 10 1  06 NABADWIP                   16      936.62     641         0.600

  1 10 1  07 KRISHNAGANJ                16      697.61     707         0.493

  1 10 2  08 KARIMPUR-I                 16     1023.93    3650         3.737

  1 10 2  09 KARIMPUR-II                16      885.75     563         0.499

  1 10 2  10 TEHATTA-I                  16     1023.81    4371         4.475

  1 10 2  11 TEHATTA-II                 16     1074.49    3897         4.187

  1 10 3  12 SANTIPUR                   16      931.30     968         0.901

  1 10 3  13 RANAGHAT-I                 20      885.32     791         0.700

  1 10 3  14 RANAGHAT-II                16      994.05    1780         1.769

  1 10 3  15 HANSKHALI                  16      844.93     354         0.299

  1 10 4  16 CHAKDAH                    16      505.03     621         0.314

  1 10 4  17 HARINGHATA                 16     1114.07    2224         2.478


  --------------------------------------------------------------------------------------------------------------------------------
    10    NADIA                        276      962.18   25602        24.634
  --------------------------------------------------------------------------------------------------------------------------------