          CROP: MUSTARD  (15)                                                   PAGE NO:    12

                              BLOCK WISE YIELD RATE,AREA AND PRODUCTION OF  RABI   CROPS, 2013-14
  --------------------------------------------------------------------------------------------------------------------------------
  D-DT-SD BLK BLOCK NAME              NCCE    DRY YR     AREA       DRY PRODN
                                             (kg/hec)    (hec)    (000 tonnes)
  --------------------------------------------------------------------------------------------------------------------------------
  1 10 1  01 KALIGANJ                   16      977.60    1560         1.525

  1 10 1  02 NAKASHIPARA                16      967.58    1539         1.489

  1 10 1  03 KRISHNAGAR-I               16     1284.31   12992        16.686

  1 10 1  04 KRISHNAGAR-II              16     1036.88    4485         4.650

  1 10 1  05 CHAPRA                     16     1058.22    8641         9.144

  1 10 1  06 NABADWIP                   16      851.81     952         0.811

  1 10 1  07 KRISHNAGANJ                18     1171.74    2197         2.574

  1 10 2  08 KARIMPUR-I                 19     1072.32    3160         3.389

  1 10 2  09 KARIMPUR-II                16     1216.45    5180         6.301

  1 10 2  10 TEHATTA-I                  16     1100.98    6182         6.806

  1 10 2  11 TEHATTA-II                 16     1215.35    3794         4.611

  1 10 3  12 SANTIPUR                   16     1284.29   12539        16.104

  1 10 3  13 RANAGHAT-I                 19     1179.15     950         1.120

  1 10 3  14 RANAGHAT-II                16     1184.64    3919         4.643

  1 10 3  15 HANSKHALI                  16     1238.01    5626         6.965

  1 10 4  16 CHAKDAH                    16      886.06     845         0.749

  1 10 4  17 HARINGHATA                 16     1236.08    2592         3.204


  --------------------------------------------------------------------------------------------------------------------------------
    10    NADIA                        280     1176.50   77153        90.771
  --------------------------------------------------------------------------------------------------------------------------------