          CROP: AUS      (02)                                                   PAGE NO:    10

                              BLOCK WISE YIELD RATE,AREA AND PRODUCTION OF  BHADUI CROPS, 2013-14
  --------------------------------------------------------------------------------------------------------------------------------
  D-DT-SD BLK BLOCK NAME              NCCE    DRY YR     AREA       DRY PRODN   YR CLRICE   PRODN CLRICE
                                             (kg/hec)    (hec)    (000 tonnes)  (kg/hec)    (000 tonnes)
  --------------------------------------------------------------------------------------------------------------------------------
  1 10 1  01 KALIGANJ                   16     3907.81    4797        18.746     2605.21       12.497

  1 10 1  02 NAKASHIPARA                20     3744.62    6739        25.235     2496.41       16.823

  1 10 1  03 KRISHNAGAR-I               16     3319.18    3370        11.186     2212.79        7.457

  1 10 1  04 KRISHNAGAR-II              16     3516.48    2586         9.094     2344.32        6.062

  1 10 1  05 CHAPRA                     18     3680.95    5384        19.818     2453.97       13.212

  1 10 1  06 NABADWIP                   16     3243.71    1187         3.850     2162.47        2.567

  1 10 1  07 KRISHNAGANJ                16     3443.99     931         3.206     2295.99        2.138

  1 10 2  08 KARIMPUR-I                  6     3048.02     752         2.292     2032.01        1.528

  1 10 2  09 KARIMPUR-II                16     3930.16     203         0.798     2620.11        0.532

  1 10 2  10 TEHATTA-I                  16     3525.72    1378         4.858     2350.48        3.239

  1 10 2  11 TEHATTA-II                 16     2963.66    2652         7.860     1975.77        5.240

  1 10 3  12 SANTIPUR                   16     3210.25    3398        10.908     2140.17        7.272

  1 10 3  13 RANAGHAT-I                 16     4062.81    4120        16.739     2708.54       11.159

  1 10 3  14 RANAGHAT-II                16     3522.30    4235        14.917     2348.20        9.945

  1 10 3  15 HANSKHALI                  16     3449.49    3140        10.831     2299.66        7.221

  1 10 4  16 CHAKDAH                    16     4117.49     811         3.339     2744.99        2.226

  1 10 4  17 HARINGHATA                 16     4033.50    2013         8.119     2689.00        5.413


  --------------------------------------------------------------------------------------------------------------------------------
    10    NADIA                        268     3601.92   47696       171.797     2401.28      114.531
  --------------------------------------------------------------------------------------------------------------------------------