          CROP: AMAN     (05)                                                   PAGE NO:    12

                              BLOCK WISE YIELD RATE,AREA AND PRODUCTION OF  WINTER CROPS, 2013-14
  --------------------------------------------------------------------------------------------------------------------------------
  D-DT-SD BLK BLOCK NAME              NCCE    DRY YR     AREA       DRY PRODN   YR CLRICE   PRODN CLRICE
                                             (kg/hec)    (hec)    (000 tonnes)  (kg/hec)    (000 tonnes)
  --------------------------------------------------------------------------------------------------------------------------------
  1 10 1  01 KALIGANJ                   16     4026.07    9361        37.688     2684.05       25.125

  1 10 1  02 NAKASHIPARA                16     3913.94    2813        11.010     2609.29        7.340

  1 10 1  03 KRISHNAGAR-I               16     4158.80   15162        63.056     2772.53       42.037

  1 10 1  04 KRISHNAGAR-II              16     3968.28    3426        13.595     2645.52        9.064

  1 10 1  05 CHAPRA                     16     4193.10   20658        86.621     2795.40       57.747

  1 10 1  06 NABADWIP                   16     3656.00     888         3.247     2437.33        2.164

  1 10 1  07 KRISHNAGANJ                16     3766.46     991         3.733     2510.97        2.488

  1 10 2  08 KARIMPUR-I                 16     3916.86    2902        11.367     2611.24        7.578

  1 10 2  09 KARIMPUR-II                16     4527.08    2139         9.683     3018.05        6.456

  1 10 2  10 TEHATTA-I                  16     3519.15     875         3.079     2346.10        2.053

  1 10 2  11 TEHATTA-II                 16     3910.31    2038         7.969     2606.87        5.313

  1 10 3  12 SANTIPUR                   16     4094.11    4672        19.128     2729.41       12.752

  1 10 3  13 RANAGHAT-I                 16     4037.38    3810        15.382     2691.59       10.255

  1 10 3  14 RANAGHAT-II                16     3346.66     342         1.145     2231.11        0.763

  1 10 3  15 HANSKHALI                  16     3651.86     690         2.520     2434.57        1.680

  1 10 4  16 CHAKDAH                    16     3678.50    1297         4.771     2452.33        3.181

  1 10 4  17 HARINGHATA                 16     4382.15   24942       109.300     2921.43       72.866


  --------------------------------------------------------------------------------------------------------------------------------
    10    NADIA                        272     4157.40   97006       403.293     2771.60      268.862
  --------------------------------------------------------------------------------------------------------------------------------