          CROP: KHESARI  (12)                                                   PAGE NO:    11

                              BLOCK WISE YIELD RATE,AREA AND PRODUCTION OF  RABI   CROPS, 2013-14
  --------------------------------------------------------------------------------------------------------------------------------
  D-DT-SD BLK BLOCK NAME              NCCE    DRY YR     AREA       DRY PRODN
                                             (kg/hec)    (hec)    (000 tonnes)
  --------------------------------------------------------------------------------------------------------------------------------
  1 10 1  01 KALIGANJ                    0      699.21      61         0.043

  1 10 1  02 NAKASHIPARA                 0      699.21      11         0.008

  1 10 1  03 KRISHNAGAR-I                2      682.31       1         0.001

  1 10 1  04 KRISHNAGAR-II              10      706.71     120         0.085

  1 10 1  06 NABADWIP                    0      699.21      87         0.061

  1 10 1  07 KRISHNAGANJ                 0      699.21      43         0.030

  1 10 2  08 KARIMPUR-I                  4      833.53      31         0.026

  1 10 2  09 KARIMPUR-II                 4      840.07      54         0.045

  1 10 2  10 TEHATTA-I                   4      851.83     560         0.477

  1 10 2  11 TEHATTA-II                  0      840.97       9         0.008

  1 10 3  14 RANAGHAT-II                 0      818.57      21         0.017

  1 10 3  15 HANSKHALI                   0      818.57      18         0.015

  1 10 4  16 CHAKDAH                     0      818.57      37         0.030


  --------------------------------------------------------------------------------------------------------------------------------
    10    NADIA                         24      802.22    1053         0.845
  --------------------------------------------------------------------------------------------------------------------------------