          CROP: GRAM     (08)                                                   PAGE NO:     9

                              BLOCK WISE YIELD RATE,AREA AND PRODUCTION OF  RABI   CROPS, 2015-16
  --------------------------------------------------------------------------------------------------------------------------------
  D-DT-SD BLK BLOCK NAME              NCCE    DRY YR     AREA       DRY PRODN
                                             (kg/hec)    (hec)    (000 tonnes)
  --------------------------------------------------------------------------------------------------------------------------------
  1 10 1  01 KALIGANJ                    0      602.16     194         0.117

  1 10 1  02 NAKASHIPARA                 4      591.14    1201         0.710

  1 10 1  03 KRISHNAGAR-I               10      678.84    1260         0.855

  1 10 1  04 KRISHNAGAR-II               2      603.28     256         0.154

  1 10 1  05 CHAPRA                     16      468.27     994         0.465

  1 10 1  06 NABADWIP                    3      691.97     465         0.322

  1 10 1  07 KRISHNAGANJ                 6      587.26     425         0.250

  1 10 2  08 KARIMPUR-I                  0      820.61     623         0.511

  1 10 2  09 KARIMPUR-II                12      721.22     183         0.132

  1 10 2  10 TEHATTA-I                  16      850.87     546         0.465

  1 10 2  11 TEHATTA-II                 17      824.07     132         0.109

  1 10 3  12 SANTIPUR                    0      669.31     194         0.130

  1 10 3  13 RANAGHAT-I                  8      740.19      26         0.019

  1 10 3  14 RANAGHAT-II                14      620.57     551         0.342

  1 10 3  15 HANSKHALI                  18      704.08     828         0.583

  1 10 4  16 CHAKDAH                     0      643.29     223         0.143

  1 10 4  17 HARINGHATA                  0      643.29     109         0.070


  --------------------------------------------------------------------------------------------------------------------------------
    10    NADIA                        126      655.00    8210         5.378
  --------------------------------------------------------------------------------------------------------------------------------