          CROP: TIL      (18)                                                   PAGE NO:    12

                              BLOCK WISE YIELD RATE,AREA AND PRODUCTION OF  SUMMER CROPS, 2015-16
  --------------------------------------------------------------------------------------------------------------------------------
  D-DT-SD BLK BLOCK NAME              NCCE    DRY YR     AREA       DRY PRODN
                                             (kg/hec)    (hec)    (000 tonnes)
  --------------------------------------------------------------------------------------------------------------------------------
  1 10 1  01 KALIGANJ                   16     1239.51    2229         2.763

  1 10 1  02 NAKASHIPARA                18     1086.29    6028         6.548

  1 10 1  03 KRISHNAGAR-I               17     1299.68    1297         1.686

  1 10 1  04 KRISHNAGAR-II              16     1372.96     469         0.644

  1 10 1  05 CHAPRA                     16     1104.78    2347         2.593

  1 10 1  06 NABADWIP                   16     1224.43     706         0.864

  1 10 1  07 KRISHNAGANJ                16     1286.20     424         0.545

  1 10 2  08 KARIMPUR-I                  0     1297.05    1312         1.702

  1 10 2  09 KARIMPUR-II                16     1309.33    1156         1.514

  1 10 2  10 TEHATTA-I                  16     1320.58    3370         4.450

  1 10 2  11 TEHATTA-II                 16     1303.95     537         0.700

  1 10 3  12 SANTIPUR                   16     1176.59     304         0.358

  1 10 3  13 RANAGHAT-I                 16     1245.80     496         0.618

  1 10 3  14 RANAGHAT-II                16     1189.71    1472         1.751

  1 10 3  15 HANSKHALI                  16     1448.76    1510         2.188

  1 10 4  16 CHAKDAH                    16     1403.99    1193         1.675

  1 10 4  17 HARINGHATA                 16     1270.04     737         0.936


  --------------------------------------------------------------------------------------------------------------------------------
    10    NADIA                        259     1232.45   25587        31.535
  --------------------------------------------------------------------------------------------------------------------------------