          CROP: MUSTARD  (15)                                                   PAGE NO:    12

                              BLOCK WISE YIELD RATE,AREA AND PRODUCTION OF  RABI   CROPS, 2015-16
  --------------------------------------------------------------------------------------------------------------------------------
  D-DT-SD BLK BLOCK NAME              NCCE    DRY YR     AREA       DRY PRODN
                                             (kg/hec)    (hec)    (000 tonnes)
  --------------------------------------------------------------------------------------------------------------------------------
  1 10 1  01 KALIGANJ                   16     1279.16    6930         8.865

  1 10 1  02 NAKASHIPARA                16     1064.77    7086         7.545

  1 10 1  03 KRISHNAGAR-I               16     1351.09    5995         8.100

  1 10 1  04 KRISHNAGAR-II              18     1258.00    5037         6.337

  1 10 1  05 CHAPRA                     16     1141.58    8248         9.416

  1 10 1  06 NABADWIP                   16     1341.98    1265         1.698

  1 10 1  07 KRISHNAGANJ                19     1353.57    1507         2.040

  1 10 2  08 KARIMPUR-I                 16     1138.11    4538         5.165

  1 10 2  09 KARIMPUR-II                17     1227.00    4715         5.785

  1 10 2  10 TEHATTA-I                  16     1139.74    3314         3.777

  1 10 2  11 TEHATTA-II                 16     1360.43    6145         8.360

  1 10 3  12 SANTIPUR                   16     1473.78    1928         2.841

  1 10 3  13 RANAGHAT-I                 16     1032.22    3629         3.746

  1 10 3  14 RANAGHAT-II                16     1047.74    5836         6.115

  1 10 3  15 HANSKHALI                  20     1219.17    4202         5.123

  1 10 4  16 CHAKDAH                    20     1008.20    4527         4.564

  1 10 4  17 HARINGHATA                 16     1541.40    2147         3.309


  --------------------------------------------------------------------------------------------------------------------------------
    10    NADIA                        286     1204.23   77049        92.784
  --------------------------------------------------------------------------------------------------------------------------------