          CROP: BORO     (17)                                                   PAGE NO:    10

                              BLOCK WISE YIELD RATE,AREA AND PRODUCTION OF  SUMMER CROPS, 2015-16
  --------------------------------------------------------------------------------------------------------------------------------
  D-DT-SD BLK BLOCK NAME              NCCE    DRY YR     AREA       DRY PRODN   YR CLRICE   PRODN CLRICE
                                             (kg/hec)    (hec)    (000 tonnes)  (kg/hec)    (000 tonnes)
  --------------------------------------------------------------------------------------------------------------------------------
  1 10 1  01 KALIGANJ                    0     5323.35   11172        59.472     3548.90       39.648

  1 10 1  02 NAKASHIPARA                20     5466.43    9402        51.395     3644.29       34.264

  1 10 1  03 KRISHNAGAR-I               20     5515.83   10750        59.295     3677.22       39.530

  1 10 1  04 KRISHNAGAR-II              20     5636.14    4060        22.883     3757.43       15.255

  1 10 1  05 CHAPRA                     20     4471.70    8200        36.668     2981.13       24.445

  1 10 1  06 NABADWIP                   20     5815.51    1144         6.653     3877.01        4.435

  1 10 1  07 KRISHNAGANJ                 0     5323.35    2020        10.753     3548.90        7.169

  1 10 2  08 KARIMPUR-I                  0     5657.86    1633         9.239     3771.91        6.160

  1 10 2  09 KARIMPUR-II                 0     5657.86     868         4.911     3771.91        3.274

  1 10 2  10 TEHATTA-I                  20     5385.22    3216        17.319     3590.15       11.546

  1 10 2  11 TEHATTA-II                 28     6137.03    2286        14.029     4091.35        9.353

  1 10 3  12 SANTIPUR                   40     5815.07    3009        17.498     3876.71       11.665

  1 10 3  13 RANAGHAT-I                 40     5632.22    2798        15.759     3754.81       10.506

  1 10 3  14 RANAGHAT-II                56     5698.36    7880        44.903     3798.91       29.935

  1 10 3  15 HANSKHALI                  52     5741.80    4626        26.562     3827.87       17.708

  1 10 4  16 CHAKDAH                    68     5231.09   12692        66.393     3487.39       44.262

  1 10 4  17 HARINGHATA                 27     5764.24    6101        35.168     3842.83       23.445


  --------------------------------------------------------------------------------------------------------------------------------
    10    NADIA                        431     5431.27   91857       498.900     3620.85      332.600
  --------------------------------------------------------------------------------------------------------------------------------