          CROP: AUS      (02)                                                   PAGE NO:    11

                              BLOCK WISE YIELD RATE,AREA AND PRODUCTION OF  BHADUI CROPS, 2015-16
  --------------------------------------------------------------------------------------------------------------------------------
  D-DT-SD BLK BLOCK NAME              NCCE    DRY YR     AREA       DRY PRODN   YR CLRICE   PRODN CLRICE
                                             (kg/hec)    (hec)    (000 tonnes)  (kg/hec)    (000 tonnes)
  --------------------------------------------------------------------------------------------------------------------------------
  1 10 1  01 KALIGANJ                   17     3330.26    5380        17.917     2220.17       11.945

  1 10 1  02 NAKASHIPARA                16     2443.27     860         2.101     1628.85        1.401

  1 10 1  03 KRISHNAGAR-I               16     3420.25    3855        13.185     2280.17        8.790

  1 10 1  04 KRISHNAGAR-II              18     2822.58     372         1.050     1881.72        0.700

  1 10 1  05 CHAPRA                     16     3908.80    5552        21.702     2605.87       14.468

  1 10 1  06 NABADWIP                   16     2636.14     624         1.645     1757.43        1.097

  1 10 1  07 KRISHNAGANJ                16     4068.05    7903        32.150     2712.03       21.433

  1 10 2  08 KARIMPUR-I                  2     3495.29     325         1.136     2330.19        0.757

  1 10 2  09 KARIMPUR-II                18     3577.26     384         1.374     2384.84        0.916

  1 10 2  10 TEHATTA-I                  16     3632.24    1346         4.889     2421.49        3.259

  1 10 2  11 TEHATTA-II                 16     3489.25    2820         9.840     2326.17        6.560

  1 10 3  12 SANTIPUR                   16     3946.20    3974        15.682     2630.80       10.455

  1 10 3  13 RANAGHAT-I                 16     3597.66    3551        12.775     2398.44        8.517

  1 10 3  14 RANAGHAT-II                16     3873.90    4249        16.460     2582.60       10.973

  1 10 3  15 HANSKHALI                  19     3411.37    1950         6.652     2274.25        4.435

  1 10 4  16 CHAKDAH                    16     2777.21     320         0.889     1851.47        0.592

  1 10 4  17 HARINGHATA                 16     3965.72    5616        22.271     2643.81       14.848


  --------------------------------------------------------------------------------------------------------------------------------
    10    NADIA                        266     3702.41   49081       181.718     2468.27      121.145
  --------------------------------------------------------------------------------------------------------------------------------