          CROP: JUTE     (01)                                                   PAGE NO:    11

                              BLOCK WISE YIELD RATE,AREA AND PRODUCTION OF  BHADUI CROPS, 2015-16
  --------------------------------------------------------------------------------------------------------------------------------
  D-DT-SD BLK BLOCK NAME              NCCE    DRY YR     AREA       DRY PRODN
                                              (bales/hec)(hec)    ('000 bales)
  --------------------------------------------------------------------------------------------------------------------------------
  1 10 1  01 KALIGANJ                   16       12.36     570         7.045

  1 10 1  02 NAKASHIPARA                17       13.43   14780       198.495

  1 10 1  03 KRISHNAGAR-I               16       14.27    8857       126.389

  1 10 1  04 KRISHNAGAR-II              18       12.96     691         8.955

  1 10 1  05 CHAPRA                     16       13.13    8762       115.045

  1 10 1  06 NABADWIP                   16        9.46     832         7.871

  1 10 1  07 KRISHNAGANJ                17       12.04     523         6.297

  1 10 2  08 KARIMPUR-I                 16       13.56   14459       196.064

  1 10 2  09 KARIMPUR-II                17       13.50   11646       157.221

  1 10 2  10 TEHATTA-I                  16       13.65   11147       152.157

  1 10 2  11 TEHATTA-II                 16       16.00   14082       225.312

  1 10 3  12 SANTIPUR                   16       10.93     645         7.050

  1 10 3  13 RANAGHAT-I                 16       11.28     278         3.136

  1 10 3  14 RANAGHAT-II                16       14.70    8355       122.819

  1 10 3  15 HANSKHALI                  20       15.15    8611       130.457

  1 10 4  16 CHAKDAH                    16       13.36    5120        68.403

  1 10 4  17 HARINGHATA                 16       15.99   10038       160.508


  --------------------------------------------------------------------------------------------------------------------------------
    10    NADIA                        281       14.18  119396      1693.223
  --------------------------------------------------------------------------------------------------------------------------------