        CROP: AMAN     (05)                                                   PAGE NO:    12

                              BLOCK WISE YIELD RATE,AREA AND PRODUCTION OF  WINTER CROPS, 2015-16
  --------------------------------------------------------------------------------------------------------------------------------
  D-DT-SD BLK BLOCK NAME              NCCE    DRY YR     AREA       DRY PRODN   YR CLRICE   PRODN CLRICE
                                             (kg/hec)    (hec)    (000 tonnes)  (kg/hec)    (000 tonnes)
  --------------------------------------------------------------------------------------------------------------------------------
  1 10 1  01 KALIGANJ                    0     4409.39   10992        48.468     2939.59       32.312

  1 10 1  02 NAKASHIPARA                20     4627.90   11579        53.586     3085.27       35.724

  1 10 1  03 KRISHNAGAR-I               20     4319.08   10603        45.795     2879.39       30.530

  1 10 1  04 KRISHNAGAR-II              20     4737.36    1048         4.965     3158.24        3.310

  1 10 1  05 CHAPRA                     20     4313.78   10168        43.863     2875.85       29.242

  1 10 1  06 NABADWIP                    8     4533.99     520         2.358     3022.66        1.572

  1 10 1  07 KRISHNAGANJ                 0     4409.39    2520        11.112     2939.59        7.408

  1 10 2  08 KARIMPUR-I                  0     4005.25    3355        13.438     2670.17        8.958

  1 10 2  09 KARIMPUR-II                 0     4005.25    3235        12.957     2670.17        8.638

  1 10 2  10 TEHATTA-I                  20     3935.08    3038        11.955     2623.39        7.970

  1 10 2  11 TEHATTA-II                  0     4005.25    1290         5.167     2670.17        3.445

  1 10 3  12 SANTIPUR                   40     4718.98    3146        14.846     3145.99        9.897

  1 10 3  13 RANAGHAT-I                 48     4214.00    3193        13.455     2809.33        8.970

  1 10 3  14 RANAGHAT-II                48     5013.10    9011        45.173     3342.07       30.115

  1 10 3  15 HANSKHALI                  52     5020.87    5867        29.457     3347.25       19.638

  1 10 4  16 CHAKDAH                    48     4751.85   11527        54.775     3167.90       36.516

  1 10 4  17 HARINGHATA                 30     4437.35    5097        22.617     2958.23       15.078


  --------------------------------------------------------------------------------------------------------------------------------
    10    NADIA                        374     4511.80   96189       433.986     3007.87      289.324
  --------------------------------------------------------------------------------------------------------------------------------