          CROP: MUSUR    (09)                                                   PAGE NO:    12

                              BLOCK WISE YIELD RATE,AREA AND PRODUCTION OF  RABI   CROPS, 2015-16
  --------------------------------------------------------------------------------------------------------------------------------
  D-DT-SD BLK BLOCK NAME              NCCE    DRY YR     AREA       DRY PRODN
                                             (kg/hec)    (hec)    (000 tonnes)
  --------------------------------------------------------------------------------------------------------------------------------
  1 10 1  01 KALIGANJ                   20      594.40    1401         0.833

  1 10 1  02 NAKASHIPARA                16      441.62    2222         0.981

  1 10 1  03 KRISHNAGAR-I               16      612.00    1401         0.857

  1 10 1  04 KRISHNAGAR-II              18      828.53    2213         1.834

  1 10 1  05 CHAPRA                     16      522.40    3184         1.663

  1 10 1  06 NABADWIP                   16      638.03    1148         0.732

  1 10 1  07 KRISHNAGANJ                19      642.09    1242         0.797

  1 10 2  08 KARIMPUR-I                 16      559.63    4207         2.354

  1 10 2  09 KARIMPUR-II                18      604.80    3709         2.243

  1 10 2  10 TEHATTA-I                  16      620.08    3125         1.938

  1 10 2  11 TEHATTA-II                 17      693.71    3140         2.178

  1 10 3  12 SANTIPUR                   16      701.33     836         0.586

  1 10 3  13 RANAGHAT-I                 16      700.81      99         0.069

  1 10 3  14 RANAGHAT-II                16      818.80    1590         1.302

  1 10 3  15 HANSKHALI                  20     1005.49    2272         2.284

  1 10 4  16 CHAKDAH                    16      615.23     242         0.149

  1 10 4  17 HARINGHATA                 16     1328.36     310         0.412


  --------------------------------------------------------------------------------------------------------------------------------
    10    NADIA                        288      655.96   32341        21.215
  --------------------------------------------------------------------------------------------------------------------------------