          CROP: MASKALAI (10)                                                   PAGE NO:    11

                              BLOCK WISE YIELD RATE,AREA AND PRODUCTION OF  WINTER CROPS, 2015-16
  --------------------------------------------------------------------------------------------------------------------------------
  D-DT-SD BLK BLOCK NAME              NCCE    DRY YR     AREA       DRY PRODN
                                             (kg/hec)    (hec)    (000 tonnes)
  --------------------------------------------------------------------------------------------------------------------------------
  1 10 1  01 KALIGANJ                    0      798.21     493         0.394

  1 10 1  02 NAKASHIPARA                17      636.95    1308         0.833

  1 10 1  03 KRISHNAGAR-I               16      728.24    1397         1.017

  1 10 1  04 KRISHNAGAR-II              18      761.63    1199         0.913

  1 10 1  05 CHAPRA                     16      844.67    2017         1.704

  1 10 1  06 NABADWIP                    7      769.13      88         0.068

  1 10 1  07 KRISHNAGANJ                 0      798.21     799         0.638

  1 10 2  08 KARIMPUR-I                  0      859.71     901         0.775

  1 10 2  09 KARIMPUR-II                 0      859.71     599         0.515

  1 10 2  10 TEHATTA-I                  16      947.72     998         0.946

  1 10 2  11 TEHATTA-II                  0      859.71     360         0.309

  1 10 3  12 SANTIPUR                   16      610.95     976         0.596

  1 10 3  13 RANAGHAT-I                 16      884.84     469         0.415

  1 10 3  14 RANAGHAT-II                16     1046.84     995         1.042

  1 10 3  15 HANSKHALI                   0      807.11    1259         1.016

  1 10 4  16 CHAKDAH                     0     1065.32     220         0.234

  1 10 4  17 HARINGHATA                 16     1089.34      80         0.087


  --------------------------------------------------------------------------------------------------------------------------------
    10    NADIA                        154      812.39   14158        11.502
  --------------------------------------------------------------------------------------------------------------------------------