          CROP: WHEAT    (06)                                                   PAGE NO:    11

                              BLOCK WISE YIELD RATE,AREA AND PRODUCTION OF  RABI   CROPS, 2015-16
  --------------------------------------------------------------------------------------------------------------------------------
  D-DT-SD BLK BLOCK NAME              NCCE    DRY YR     AREA       DRY PRODN
                                             (kg/hec)    (hec)    (000 tonnes)
  --------------------------------------------------------------------------------------------------------------------------------
  1 10 1  01 KALIGANJ                   16     2836.49    2249         6.379

  1 10 1  02 NAKASHIPARA                16     1584.81    3798         6.019

  1 10 1  03 KRISHNAGAR-I               16     2880.01    2180         6.278

  1 10 1  04 KRISHNAGAR-II              16     3875.85    1175         4.554

  1 10 1  05 CHAPRA                     16     2876.40    4352        12.518

  1 10 1  06 NABADWIP                   16     2392.52     241         0.577

  1 10 1  07 KRISHNAGANJ                18     3115.76     509         1.586

  1 10 2  08 KARIMPUR-I                 16     1943.79    6616        12.860

  1 10 2  09 KARIMPUR-II                17     2400.66    5568        13.367

  1 10 2  10 TEHATTA-I                  16     2430.73    2810         6.830

  1 10 2  11 TEHATTA-II                 17     2931.13    3051         8.943

  1 10 3  12 SANTIPUR                   16     3469.01     865         3.001

  1 10 3  13 RANAGHAT-I                 10     2456.10     170         0.418

  1 10 3  14 RANAGHAT-II                10     1292.70     606         0.783

  1 10 3  15 HANSKHALI                  20     2872.70    1568         4.504

  1 10 4  16 CHAKDAH                     4     1963.42     910         1.787

  1 10 4  17 HARINGHATA                  7     3297.10     562         1.853


  --------------------------------------------------------------------------------------------------------------------------------
    10    NADIA                        247     2478.04   37230        92.257
  --------------------------------------------------------------------------------------------------------------------------------