
          CROP: AMAN     (05)                                                   PAGE NO:     1

                              BLOCK WISE YIELD RATE,AREA AND PRODUCTION OF  WINTER CROPS, 2014-15
  --------------------------------------------------------------------------------------------------------------------------------
  D-DT-SD BLK BLOCK NAME              NCCE    DRY YR     AREA       DRY PRODN   YR CLRICE   PRODN CLRICE
                                             (kg/hec)    (hec)    (000 tonnes)  (kg/hec)    (000 tonnes)
  --------------------------------------------------------------------------------------------------------------------------------
  3 01 1  01 DARJEELING-PULBAZAR        19     2986.16     797         2.380     1990.77        1.587

  3 01 1  03 RANGLI-RANGLIAT            19     2295.08      49         0.112     1530.05        0.075

  3 01 2  04 KURSEONG                   10     2851.94      45         0.128     1901.29        0.086

  3 01 2  05 MIRIK                       0     2843.81      33         0.094     1895.87        0.063

  3 01 3  06 KALIMPONG-I                20     3298.25    2144         7.071     2198.83        4.714

  3 01 3  07 KALIMPONG-II               20     3066.88    2003         6.143     2044.59        4.095

  3 01 3  08 GORUBATHAN                 20     2055.78     635         1.305     1370.52        0.870

  3 01 4  09 NAXALBARI                  24     3234.51    3308        10.700     2156.34        7.133

  3 01 4  10 MATIGARA                   20     2758.63     820         2.262     1839.09        1.508

  3 01 4  11 KHARIBARI                  16     3128.43    7270        22.744     2085.62       15.162

  3 01 4  12 PHANSIDEWA                 20     3237.70   10031        32.477     2158.47       21.652


  --------------------------------------------------------------------------------------------------------------------------------
    01    DARJILING                    188     3147.87   27135        85.417     2098.58       56.945
  --------------------------------------------------------------------------------------------------------------------------------