          CROP: JUTE     (01)                                                   PAGE NO:     2

                              BLOCK WISE YIELD RATE,AREA AND PRODUCTION OF  BHADUI CROPS, 2013-14
  --------------------------------------------------------------------------------------------------------------------------------
  D-DT-SD BLK BLOCK NAME              NCCE    DRY YR     AREA       DRY PRODN
                                              (bales/hec)(hec)    ('000 bales)
  --------------------------------------------------------------------------------------------------------------------------------
  3 02 1  01 JALPAIGURI                 20        9.44    5608        52.940

  3 02 1  02 RAJGANJ                    20       14.02    4347        60.945

  3 02 1  03 MAINAGURI                  19       13.12    8964       117.608

  3 02 1  04 NAGRAKATA                  17       15.39     170         2.616

  3 02 1  05 DHUPGURI                   20       10.60    5958        63.155

  3 02 1  06 MAL                        18       12.35    1434        17.710

  3 02 1  07 METIALI                    18        9.15     290         2.654

  3 02 1  08 MADARIHAT                  20       14.24     718        10.224

  3 02 2  09 ALIPURDUAR-I               20        9.68    1590        15.391

  3 02 2  10 ALIPURDUAR-II              20       12.46    2788        34.738

  3 02 2  11 KUMARGRAM                  18       13.37     823        11.004

  3 02 2  12 KALCHINI                   20       15.24     199         3.033

  3 02 2  13 FALAKATA                   19       13.48    2343        31.584


  --------------------------------------------------------------------------------------------------------------------------------
    02    JALPAIGURI                   249       12.02   35232       423.601
  --------------------------------------------------------------------------------------------------------------------------------