          CROP: BORO     (17)                                                   PAGE NO:     2

                              BLOCK WISE YIELD RATE,AREA AND PRODUCTION OF  SUMMER CROPS, 2013-14
  --------------------------------------------------------------------------------------------------------------------------------
  D-DT-SD BLK BLOCK NAME              NCCE    DRY YR     AREA       DRY PRODN   YR CLRICE   PRODN CLRICE
                                             (kg/hec)    (hec)    (000 tonnes)  (kg/hec)    (000 tonnes)
  --------------------------------------------------------------------------------------------------------------------------------
  3 02 1  01 JALPAIGURI                 20     3595.43    2125         7.640     2396.95        5.094

  3 02 1  02 RAJGANJ                    20     3005.46   11722        35.230     2003.64       23.487

  3 02 1  03 MAINAGURI                  20     4479.71    1478         6.621     2986.47        4.414

  3 02 1  04 NAGRAKATA                  11     2230.73      75         0.167     1487.15        0.112

  3 02 1  05 DHUPGURI                   20     4542.79     261         1.186     3028.53        0.790

  3 02 1  06 MAL                        18     2803.14     605         1.696     1868.76        1.131

  3 02 1  07 METIALI                    11     3298.59      39         0.129     2199.06        0.086

  3 02 1  08 MADARIHAT                   3     3177.78     262         0.833     2118.52        0.555

  3 02 2  09 ALIPURDUAR-I               20     4028.82     482         1.942     2685.88        1.295

  3 02 2  10 ALIPURDUAR-II              20     3033.02     982         2.978     2022.01        1.986

  3 02 2  11 KUMARGRAM                  10     3842.87     339         1.303     2561.91        0.868

  3 02 2  12 KALCHINI                   20     2824.24     175         0.494     1882.83        0.329

  3 02 2  13 FALAKATA                   19     4384.85    1581         6.932     2923.23        4.622


  --------------------------------------------------------------------------------------------------------------------------------
    02    JALPAIGURI                   212     3336.54   20126        67.151     2224.36       44.767
  --------------------------------------------------------------------------------------------------------------------------------