          CROP: MUSTARD  (15)                                                   PAGE NO:     2

                              BLOCK WISE YIELD RATE,AREA AND PRODUCTION OF  RABI   CROPS, 2013-14
  --------------------------------------------------------------------------------------------------------------------------------
  D-DT-SD BLK BLOCK NAME              NCCE    DRY YR     AREA       DRY PRODN
                                             (kg/hec)    (hec)    (000 tonnes)
  --------------------------------------------------------------------------------------------------------------------------------
  3 02 1  01 JALPAIGURI-SADAR           17      595.38     844         0.503

  3 02 1  02 RAJGANJ                    19      592.83     776         0.460

  3 02 1  03 MAYNAGURI                  20      689.33    1184         0.816

  3 02 1  04 NAGRAKATA                  19      519.33     122         0.063

  3 02 1  05 DHUPGURI                   20      562.84     996         0.561

  3 02 1  06 MAL                        18      588.44     100         0.059

  3 02 1  07 MATIALI                    20      396.95     144         0.057

  3 02 1  08 MADARIHAT- BIRPARA         20      569.49     671         0.382

  3 02 2  09 ALIPURDUAR-I               20      727.57     995         0.724

  3 02 2  10 ALIPURDUAR-II              20      763.15    2583         1.971

  3 02 2  11 KUMARGRAM                  20      706.35     470         0.332

  3 02 2  12 KALCHINI                   20      701.37     107         0.075

  3 02 2  13 FALAKATA                   20      489.58     180         0.088


  --------------------------------------------------------------------------------------------------------------------------------
    02    JALPAIGURI                   253      664.10    9172         6.091
  --------------------------------------------------------------------------------------------------------------------------------