          CROP: AUS      (02)                                                   PAGE NO:     2

                              BLOCK WISE YIELD RATE,AREA AND PRODUCTION OF  BHADUI CROPS, 2013-14
  --------------------------------------------------------------------------------------------------------------------------------
  D-DT-SD BLK BLOCK NAME              NCCE    DRY YR     AREA       DRY PRODN   YR CLRICE   PRODN CLRICE
                                             (kg/hec)    (hec)    (000 tonnes)  (kg/hec)    (000 tonnes)
  --------------------------------------------------------------------------------------------------------------------------------
  3 02 1  01 JALPAIGURI                 20     2874.84    1159         3.332     1916.56        2.221

  3 02 1  02 RAJGANJ                    19     2838.56     362         1.028     1892.37        0.685

  3 02 1  03 MAINAGURI                  20     3192.62    3337        10.654     2128.41        7.103

  3 02 1  04 NAGRAKATA                  18     2952.73     380         1.122     1968.49        0.748

  3 02 1  05 DHUPGURI                   20     4108.73    3246        13.337     2739.15        8.891

  3 02 1  06 MAL                        19     3374.03     991         3.344     2249.35        2.229

  3 02 1  07 METIALI                    18     3083.35     412         1.270     2055.57        0.847

  3 02 1  08 MADARIHAT                  20     3572.10    1267         4.526     2381.40        3.017

  3 02 2  09 ALIPURDUAR-I               20     2617.65    2850         7.460     1745.10        4.974

  3 02 2  10 ALIPURDUAR-II              20     2439.78    3938         9.608     1626.52        6.405

  3 02 2  11 KUMARGRAM                  20     2875.28    2507         7.208     1916.85        4.806

  3 02 2  12 KALCHINI                   20     2879.81     377         1.086     1919.87        0.724

  3 02 2  13 FALAKATA                   20     2621.02    8598        22.536     1747.35       15.024


  --------------------------------------------------------------------------------------------------------------------------------
    02    JALPAIGURI                   254     2940.11   29424        86.510     1960.07       57.673
  --------------------------------------------------------------------------------------------------------------------------------