          CROP: WHEAT    (06)                                                   PAGE NO:     2

                              BLOCK WISE YIELD RATE,AREA AND PRODUCTION OF  RABI   CROPS, 2013-14
  --------------------------------------------------------------------------------------------------------------------------------
  D-DT-SD BLK BLOCK NAME              NCCE    DRY YR     AREA       DRY PRODN
                                             (kg/hec)    (hec)    (000 tonnes)
  --------------------------------------------------------------------------------------------------------------------------------
  3 02 1  01 JALPAIGURI-SADAR           20     1718.12    1626         2.794

  3 02 1  02 RAJGANJ                     2     2144.17     999         2.142

  3 02 1  03 MAYNAGURI                  18     2240.36    3005         6.732

  3 02 1  04 NAGRAKATA                  17     2674.72     146         0.391

  3 02 1  05 DHUPGURI                   20     2783.56    3210         8.935

  3 02 1  06 MAL                        18     1562.07     570         0.890

  3 02 1  07 MATIALI                    19     1871.26     133         0.249

  3 02 1  08 MADARIHAT- BIRPARA         15     2977.46     229         0.682

  3 02 2  09 ALIPURDUAR-I               20     1792.45    1945         3.486

  3 02 2  10 ALIPURDUAR-II              20     2660.30    2035         5.414

  3 02 2  11 KUMARGRAM                  20     2725.12    1272         3.466

  3 02 2  12 KALCHINI                   20     2502.42     106         0.265

  3 02 2  13 FALAKATA                   17     2267.51    1965         4.456


  --------------------------------------------------------------------------------------------------------------------------------
    02    JALPAIGURI                   226     2314.37   17241        39.902
  --------------------------------------------------------------------------------------------------------------------------------