          CROP: AMAN     (05)                                                   PAGE NO:     2

                              BLOCK WISE YIELD RATE,AREA AND PRODUCTION OF  WINTER CROPS, 2013-14
  --------------------------------------------------------------------------------------------------------------------------------
  D-DT-SD BLK BLOCK NAME              NCCE    DRY YR     AREA       DRY PRODN   YR CLRICE   PRODN CLRICE
                                             (kg/hec)    (hec)    (000 tonnes)  (kg/hec)    (000 tonnes)
  --------------------------------------------------------------------------------------------------------------------------------
  3 02 1  01 JALPAIGURI                 16     3501.00   38645       135.296     2334.00       90.197

  3 02 1  02 RAJGANJ                    16     2979.05    2555         7.611     1986.03        5.074

  3 02 1  03 MAINAGURI                  16     4058.27   44174       179.270     2705.51      119.513

  3 02 1  04 NAGRAKATA                  16     2893.86    2912         8.427     1929.24        5.618

  3 02 1  05 DHUPGURI                   16     3336.25   21721        72.467     2224.17       48.311

  3 02 1  06 MAL                        16     3130.35   11274        35.292     2086.90       23.528

  3 02 1  07 METIALI                    16     2614.57    2710         7.085     1743.05        4.724

  3 02 1  08 MADARIHAT                  16     3276.15    5663        18.553     2184.10       12.369

  3 02 2  09 ALIPURDUAR-I               16     2898.38    1297         3.759     1932.25        2.506

  3 02 2  10 ALIPURDUAR-II              16     2923.62    2151         6.289     1949.08        4.192

  3 02 2  11 KUMARGRAM                  16     3014.65   10536        31.762     2009.77       21.175

  3 02 2  12 KALCHINI                   16     3493.26   34551       120.696     2328.84       80.464

  3 02 2  13 FALAKATA                   16     2386.94    1908         4.554     1591.29        3.036


  --------------------------------------------------------------------------------------------------------------------------------
    02    JALPAIGURI                   208     3504.01  180097       631.061     2336.01      420.708
  --------------------------------------------------------------------------------------------------------------------------------