          CROP: AUS      (02)                                                   PAGE NO:     3

                              BLOCK WISE YIELD RATE,AREA AND PRODUCTION OF  BHADUI CROPS, 2014-15
  --------------------------------------------------------------------------------------------------------------------------------
  D-DT-SD BLK BLOCK NAME              NCCE    DRY YR     AREA       DRY PRODN   YR CLRICE   PRODN CLRICE
                                             (kg/hec)    (hec)    (000 tonnes)  (kg/hec)    (000 tonnes)
  --------------------------------------------------------------------------------------------------------------------------------
  3 03 1  01 COOCHBEHAR-I               17     3237.61     159         0.515     2158.41        0.343

  3 03 1  02 COOCHBEHAR-II              52     3047.98     355         1.082     2031.99        0.721

  3 03 2  03 DINHATA-I                  20     2843.94     831         2.363     1895.96        1.576

  3 03 2  04 DINHATA-II                 17     3125.04      43         0.134     2083.36        0.090

  3 03 2  05 SETAI                      20     1639.45     816         1.338     1092.97        0.892

  3 03 3  06 MATHABHANGA-I              19     2709.53      41         0.111     1806.35        0.074

  3 03 3  07 MATHABHANGA-II             19     3313.14      73         0.242     2208.76        0.161

  3 03 3  08 SITALKUCHI                 16     3157.10     341         1.077     2104.73        0.718

  3 03 4  09 TUFANGANJ-I                20     2650.96    1047         2.776     1767.31        1.850

  3 03 4  10 TUFANGANJ-II               20     2826.08     261         0.738     1884.05        0.492

  3 03 5  11 MEKHLIGANJ                 17     3554.92      83         0.295     2369.95        0.197

  3 03 5  12 HALDIBARI                  18     3409.25       0         0.000     2272.83        0.000


  --------------------------------------------------------------------------------------------------------------------------------
    03    KOCHBIHAR                    255     2634.58    4050        10.670     1756.39        7.113
  --------------------------------------------------------------------------------------------------------------------------------