          CROP: BORO     (17)                                                   PAGE NO:     3

                              BLOCK WISE YIELD RATE,AREA AND PRODUCTION OF  SUMMER CROPS, 2014-15
  --------------------------------------------------------------------------------------------------------------------------------
  D-DT-SD BLK BLOCK NAME              NCCE    DRY YR     AREA       DRY PRODN   YR CLRICE   PRODN CLRICE
                                             (kg/hec)    (hec)    (000 tonnes)  (kg/hec)    (000 tonnes)
  --------------------------------------------------------------------------------------------------------------------------------
  3 03 1  01 COOCHBEHAR-I               60     5842.26    7502        43.829     3894.84       29.219

  3 03 1  02 COOCHBEHAR-II              52     5374.66    3620        19.456     3583.11       12.971

  3 03 2  03 DINHATA-I                  40     5027.41    9170        46.101     3351.61       30.734

  3 03 2  04 DINHATA-II                 20     5678.28    7294        41.417     3785.52       27.612

  3 03 2  05 SETAI                      20     5275.03    4080        21.522     3516.69       14.348

  3 03 3  06 MATHABHANGA-I              40     5492.32    3706        20.355     3661.55       13.570

  3 03 3  07 MATHABHANGA-II             40     4469.95    5446        24.343     2979.97       16.229

  3 03 3  08 SITALKUCHI                  0     4905.62    5285        25.926     3270.41       17.284

  3 03 4  09 TUFANGANJ-I                20     4897.54    5578        27.318     3265.03       18.212

  3 03 4  10 TUFANGANJ-II               20     5520.43    4141        22.860     3680.29       15.240

  3 03 5  11 MEKHLIGANJ                 20     5953.65     330         1.965     3969.10        1.310

  3 03 5  12 HALDIBARI                  24     5083.73     142         0.722     3389.15        0.481


  --------------------------------------------------------------------------------------------------------------------------------
    03    COOCHBEHAR                   356     5254.82   56294       295.815     3503.21      197.210
  --------------------------------------------------------------------------------------------------------------------------------