          CROP: AMAN     (05)                                                   PAGE NO:     3

                              BLOCK WISE YIELD RATE,AREA AND PRODUCTION OF  WINTER CROPS, 2014-15
  --------------------------------------------------------------------------------------------------------------------------------
  D-DT-SD BLK BLOCK NAME              NCCE    DRY YR     AREA       DRY PRODN   YR CLRICE   PRODN CLRICE
                                             (kg/hec)    (hec)    (000 tonnes)  (kg/hec)    (000 tonnes)
  --------------------------------------------------------------------------------------------------------------------------------
  3 03 1  01 COOCHBEHAR-I               20     3067.50   21278        65.270     2045.00       43.514

  3 03 1  02 COOCHBEHAR-II              52     4015.75   22607        90.784     2677.17       60.523

  3 03 2  03 DINHATA-I                  20     3411.41   20156        68.760     2274.27       45.840

  3 03 2  04 DINHATA-II                 20     3135.08   17980        56.369     2090.05       37.579

  3 03 2  05 SETAI                      20     2498.99   10012        25.020     1665.99       16.680

  3 03 3  06 MATHABHANGA-I              40     4013.75   19506        78.292     2675.83       52.195

  3 03 3  07 MATHABHANGA-II             40     3651.59   21908        79.999     2434.39       53.333

  3 03 3  08 SITALKUCHI                  0     3812.06   21223        80.903     2541.37       53.936

  3 03 4  09 TUFANGANJ-I                20     3273.87   19312        63.225     2182.58       42.150

  3 03 4  10 TUFANGANJ-II               20     3619.21   15093        54.625     2412.81       36.416

  3 03 5  11 MEKHLIGANJ                 20     3849.90   17492        67.342     2566.60       44.895

  3 03 5  12 HALDIBARI                  24     4110.66   10479        43.076     2740.44       28.717


  --------------------------------------------------------------------------------------------------------------------------------
    03    COOCHBEHAR                   296     3564.52  217046       773.666     2376.35      515.777
  --------------------------------------------------------------------------------------------------------------------------------