          CROP: MUSUR    (09)                                                   PAGE NO:    13

                              BLOCK WISE YIELD RATE,AREA AND PRODUCTION OF  RABI   CROPS, 2014-15
  --------------------------------------------------------------------------------------------------------------------------------
  D-DT-SD BLK BLOCK NAME              NCCE    DRY YR     AREA       DRY PRODN
                                             (kg/hec)    (hec)    (000 tonnes)
  --------------------------------------------------------------------------------------------------------------------------------
  1 11 1  01 BARRACKPUR-I               16     1194.76     560         0.669

  1 11 1  02 BARRACKPUR-II               0     1174.81       1         0.001

  1 11 2  03 HABRA-I                    16      916.26     354         0.324

  1 11 2  04 HABRA-II                   16      749.39     354         0.265

  1 11 2  05 DEGANGA                    16      968.80      19         0.018

  1 11 2  06 BARASAT-I                  20      687.73     125         0.086

  1 11 2  07 BARASAT-II                 16      794.61     571         0.454

  1 11 2  08 AMDANGA                    20      864.75     215         0.186

  1 11 2  09 RAJARHAT                   16      835.73       7         0.006

  1 11 3  10 BAGDA                      16      391.44    1009         0.395

  1 11 3  11 BONGAON                    16      935.64    1246         1.166

  1 11 3  12 GAIGHATA                   18     1217.94    1532         1.866

  1 11 4  13 SWARUPNAGAR                16      700.76     651         0.456

  1 11 4  14 HANSNABAD                   0      816.39      54         0.044

  1 11 4  15 HINGALGANJ                  0      816.39      46         0.038

  1 11 4  16 HAROA                       0      816.39      50         0.041

  1 11 4  17 MINAKHAN                   16      948.98      18         0.017

  1 11 4  20 BADURIA                    16      697.85     230         0.161

  1 11 4  21 BASIRHAT-I                 16      906.87     460         0.417

  1 11 4  22 BASIRHAT-II                16     1030.28     342         0.352


  --------------------------------------------------------------------------------------------------------------------------------
    11    N.24-PARGANAS                266      887.58    7844         6.962
  --------------------------------------------------------------------------------------------------------------------------------