          CROP: MASKALAI (10)                                                   PAGE NO:    11

                              BLOCK WISE YIELD RATE,AREA AND PRODUCTION OF  WINTER CROPS, 2014-15
  --------------------------------------------------------------------------------------------------------------------------------
  D-DT-SD BLK BLOCK NAME              NCCE    DRY YR     AREA       DRY PRODN
                                             (kg/hec)    (hec)    (000 tonnes)
  --------------------------------------------------------------------------------------------------------------------------------
  1 11 1  01 BARRACKPUR-I                0      783.28      60         0.047

  1 11 2  03 HABRA-I                     0      783.28     183         0.143

  1 11 2  04 HABRA-II                    0      783.28     150         0.117

  1 11 2  06 BARASAT-I                   0      783.28       6         0.005

  1 11 2  07 BARASAT-II                  0      783.28     170         0.133

  1 11 2  08 AMDANGA                     0      783.28       7         0.005

  1 11 3  10 BAGDAH                      0      783.28     367         0.287

  1 11 3  11 BONGAON                     0      783.28     887         0.695

  1 11 3  12 GAIGHATA                    0      783.28     266         0.208

  1 11 4  13 SWARUPNAGAR                 0      783.28     325         0.255

  1 11 4  14 HASNABAD                    0      783.28     126         0.099

  1 11 4  16 HAROA                       0      783.28       7         0.005

  1 11 4  20 BADURIA                     0      783.28      69         0.054

  1 11 4  21 BASIRHAT-I                  0      783.28       6         0.005

  1 11 4  22 BASIRHAT-II                 0      783.28      26         0.020


  --------------------------------------------------------------------------------------------------------------------------------
    11    N.24-PARGANAS                  0      783.28    2655         2.080
  --------------------------------------------------------------------------------------------------------------------------------