          CROP: AMAN     (05)                                                   PAGE NO:    13

                              BLOCK WISE YIELD RATE,AREA AND PRODUCTION OF  WINTER CROPS, 2014-15
  --------------------------------------------------------------------------------------------------------------------------------
  D-DT-SD BLK BLOCK NAME              NCCE    DRY YR     AREA       DRY PRODN   YR CLRICE   PRODN CLRICE
                                             (kg/hec)    (hec)    (000 tonnes)  (kg/hec)    (000 tonnes)
  --------------------------------------------------------------------------------------------------------------------------------
  1 11 1  01 BARRACKPUR-I               18     3806.55    1658         6.311     2537.70        4.208

  1 11 1  02 BARRACKPUR-II               0     3888.06     420         1.633     2592.04        1.089

  1 11 2  03 HABRA-I                    28     4529.90    4133        18.722     3019.93       12.481

  1 11 2  04 HABRA-II                   26     4361.93    5917        25.810     2907.95       17.206

  1 11 2  05 DEGANGA                    52     4374.78    7646        33.450     2916.52       22.300

  1 11 2  06 BARASAT-I                  30     4257.09    3499        14.896     2838.06        9.930

  1 11 2  07 BARASAT-II                 20     3859.39    5294        20.432     2572.93       13.621

  1 11 2  08 AMDANGA                    28     4098.24    7473        30.626     2732.16       20.417

  1 11 2  09 RAJARHAT                   24     4065.85    1093         4.444     2710.57        2.963

  1 11 3  10 BAGDAH                     20     4437.05    8482        37.635     2958.03       25.090

  1 11 3  11 BONGAON                    64     4824.12   12000        57.889     3216.08       38.593

  1 11 3  12 GAIGHATA                   20     3715.53    9553        35.494     2477.02       23.663

  1 11 4  13 SWARUPNAGAR                40     4602.16    8783        40.421     3068.11       26.947

  1 11 4  14 HASNABAD                   36     4505.11    9051        40.776     3003.41       27.184

  1 11 4  15 HINGALGANJ                  0     4333.15   14640        63.437     2888.77       42.292

  1 11 4  16 HAROA                      32     4472.44    5608        25.081     2981.63       16.721

  1 11 4  17 MINAKHAN                    0     4333.15   10624        46.035     2888.77       30.690

  1 11 4  18 SANDESHKHALI-I             24     3436.08    3169        10.889     2290.72        7.259

  1 11 4  19 SANDESHKHALI-II            32     3845.71    3223        12.395     2563.81        8.263

  1 11 4  20 BADURIA                     0     4333.15    7431        32.200     2888.77       21.466

  1 11 4  21 BASIRHAT-I                 28     4320.53    4501        19.447     2880.35       12.964

  1 11 4  22 BASIRHAT-II                36     4383.51    5569        24.412     2922.34       16.275


  --------------------------------------------------------------------------------------------------------------------------------
    11    N.24-PARGANAS                558     4310.27  139767       602.434     2873.51      401.623
  --------------------------------------------------------------------------------------------------------------------------------