          CROP: WHEAT    (06)                                                   PAGE NO:    13

                              BLOCK WISE YIELD RATE,AREA AND PRODUCTION OF  RABI   CROPS, 2014-15
  --------------------------------------------------------------------------------------------------------------------------------
  D-DT-SD BLK BLOCK NAME              NCCE    DRY YR     AREA       DRY PRODN
                                             (kg/hec)    (hec)    (000 tonnes)
  --------------------------------------------------------------------------------------------------------------------------------
  1 11 2  03 HABRA-I                     0     2896.07     120         0.348

  1 11 2  04 HABRA-II                    0     2896.07      59         0.171

  1 11 2  05 DEGANGA                    12     2910.33    1310         3.813

  1 11 2  06 BARASAT-I                  14     3075.03     387         1.190

  1 11 2  07 BARASAT-II                  0     2896.07     126         0.365

  1 11 2  08 AMDANGA                     6     2550.36     315         0.803

  1 11 2  09 RAJARHAT                    0     2896.07      18         0.052

  1 11 3  10 BAGDA                      16     2836.44     471         1.336

  1 11 3  11 BONGAON                    12     3085.00     721         2.224

  1 11 3  12 GAIGHATA                    2     2646.93     465         1.231

  1 11 4  13 SWARUPNAGAR                 7     3307.23     198         0.655

  1 11 4  14 HANSNABAD                   0     3016.51     209         0.630

  1 11 4  17 MINAKHAN                   12     2927.42    2658         7.781

  1 11 4  20 BADURIA                     6     3363.22     499         1.678

  1 11 4  21 BASIRHAT-I                  2     2997.55     496         1.487

  1 11 4  22 BASIRHAT-II                 0     3016.51      31         0.094


  --------------------------------------------------------------------------------------------------------------------------------
    11    N.24-PARGANAS                 89     2951.55    8083        23.857
  --------------------------------------------------------------------------------------------------------------------------------