          CROP: JUTE     (01)                                                   PAGE NO:    12

                              BLOCK WISE YIELD RATE,AREA AND PRODUCTION OF  BHADUI CROPS, 2014-15
  --------------------------------------------------------------------------------------------------------------------------------
  D-DT-SD BLK BLOCK NAME              NCCE    DRY YR     AREA       DRY PRODN
                                              (bales/hec)(hec)    ('000 bales)
  --------------------------------------------------------------------------------------------------------------------------------
  1 11 1  01 BARRACKPUR-I               20       22.00     552        12.144

  1 11 1  02 BARRACKPUR-II               0       22.00      44         0.968

  1 11 2  03 HABRA-I                    20       17.26    1912        33.001

  1 11 2  04 HABRA-II                   24       15.85    1988        31.510

  1 11 2  05 DEGANGA                    32       18.96    5593       106.043

  1 11 2  06 BARASAT-I                  20       16.94    2800        47.432

  1 11 2  07 BARASAT-II                 20       19.64    3027        59.450

  1 11 2  08 AMDANGA                    32       19.38    3368        65.272

  1 11 2  09 RAJARHAT                   16       20.39      72         1.468

  1 11 3  10 BAGDAH                     20       13.48    4923        66.362

  1 11 3  11 BONGAON                    60       16.06    6174        99.154

  1 11 3  12 GAIGHATA                   20       16.19    4730        76.579

  1 11 4  13 SWARUPNAGAR                20       19.69    4015        79.055

  1 11 4  14 HASNABAD                   20       18.64    1110        20.690

  1 11 4  15 HINGALGANJ                  0       18.28      48         0.877

  1 11 4  16 HAROA                      12       19.68     640        12.595

  1 11 4  17 MINAKHAN                    0       18.28      44         0.804

  1 11 4  18 SANDESHKHALI-I              0       18.28       7         0.128

  1 11 4  20 BADURIA                    56       16.95    3842        65.122

  1 11 4  21 BASIRHAT-I                 24       17.12    3036        51.976

  1 11 4  22 BASIRHAT-II                36       18.87    2769        52.251


  --------------------------------------------------------------------------------------------------------------------------------
    11    N.24-PARGANAS                452       17.42   50694       882.884
  --------------------------------------------------------------------------------------------------------------------------------