          CROP: TIL      (18)                                                   PAGE NO:    13

                              BLOCK WISE YIELD RATE,AREA AND PRODUCTION OF  SUMMER CROPS, 2014-15
  --------------------------------------------------------------------------------------------------------------------------------
  D-DT-SD BLK BLOCK NAME              NCCE    DRY YR     AREA       DRY PRODN
                                             (kg/hec)    (hec)    (000 tonnes)
  --------------------------------------------------------------------------------------------------------------------------------
  1 11 1  01 BARRACKPUR-I               13     1045.52      63         0.066

  1 11 2  03 HABRA-I                    16     1473.23    1086         1.600

  1 11 2  04 HABRA-II                   16     1282.16     771         0.989

  1 11 2  05 DEGANGA                    16     1423.58    1955         2.783

  1 11 2  06 BARASAT-I                  18     1015.60     362         0.368

  1 11 2  07 BARASAT-II                  0     1319.86     297         0.392

  1 11 2  08 AMDANGA                    20     1076.55     636         0.685

  1 11 2  09 RAJARHAT                    0     1319.86      20         0.026

  1 11 3  10 BAGDAH                     18     1184.08     537         0.636

  1 11 3  11 BONGAON                    16     1346.38    1708         2.300

  1 11 3  12 GAIGHATA                   16     1003.86     451         0.453

  1 11 4  13 SWARUPNAGAR                 0     1115.04     545         0.608

  1 11 4  14 HASNABAD                    0     1115.04     134         0.149

  1 11 4  15 HINGALGANJ                  0     1115.04       1         0.001

  1 11 4  16 HAROA                      16     1171.49     262         0.307

  1 11 4  17 MINAKHAN                    0     1115.04     137         0.153

  1 11 4  20 BADURIA                    16     1166.72     830         0.968

  1 11 4  21 BASIRHAT-I                 16      961.53     766         0.737

  1 11 4  22 BASIRHAT-II                16     1229.31     431         0.530


  --------------------------------------------------------------------------------------------------------------------------------
    11    N.24-PARGANAS                213     1250.82   10992        13.749
  --------------------------------------------------------------------------------------------------------------------------------