          CROP: AUS      (02)                                                   PAGE NO:    11

                              BLOCK WISE YIELD RATE,AREA AND PRODUCTION OF  BHADUI CROPS, 2014-15
  --------------------------------------------------------------------------------------------------------------------------------
  D-DT-SD BLK BLOCK NAME              NCCE    DRY YR     AREA       DRY PRODN   YR CLRICE   PRODN CLRICE
                                             (kg/hec)    (hec)    (000 tonnes)  (kg/hec)    (000 tonnes)
  --------------------------------------------------------------------------------------------------------------------------------
  1 11 1  01 BARRACKPUR-I               11     3013.63    1145         3.451     2009.09        2.300

  1 11 2  03 HABRA-I                    20     4271.92     775         3.311     2847.95        2.207

  1 11 2  04 HABRA-II                   24     4122.20     438         1.806     2748.13        1.204

  1 11 2  05 DEGANGA                    52     4095.49    1193         4.886     2730.33        3.257

  1 11 2  06 BARASAT-I                  24     3792.49      75         0.284     2528.33        0.190

  1 11 2  07 BARASAT-II                 20     3516.38     321         1.129     2344.25        0.753

  1 11 2  08 AMDANGA                    20     3166.24      56         0.177     2110.83        0.118

  1 11 2  09 RAJARHAT                    0     4077.72     143         0.583     2718.48        0.389

  1 11 3  10 BAGDAH                     20     3495.02    2088         7.298     2330.01        4.865

  1 11 3  11 BONGAON                    64     4376.69    5332        23.337     2917.79       15.558

  1 11 3  12 GAIGHATA                   20     3966.67     634         2.515     2644.45        1.677

  1 11 4  13 SWARUPNAGAR                28     4358.68     974         4.245     2905.79        2.830

  1 11 4  16 HAROA                       0     4206.60     530         2.229     2804.40        1.486

  1 11 4  20 BADURIA                    56     4381.40    1276         5.591     2920.93        3.727

  1 11 4  21 BASIRHAT-I                 16     3918.19     202         0.791     2612.13        0.528

  1 11 4  22 BASIRHAT-II                16     3944.18     694         2.737     2629.45        1.825


  --------------------------------------------------------------------------------------------------------------------------------
    11    N.24-PARGANAS                391     4054.53   15876        64.370     2703.02       42.913
  --------------------------------------------------------------------------------------------------------------------------------