          CROP: MUSTARD  (15)                                                   PAGE NO:    13

                              BLOCK WISE YIELD RATE,AREA AND PRODUCTION OF  RABI   CROPS, 2014-15
  --------------------------------------------------------------------------------------------------------------------------------
  D-DT-SD BLK BLOCK NAME              NCCE    DRY YR     AREA       DRY PRODN
                                             (kg/hec)    (hec)    (000 tonnes)
  --------------------------------------------------------------------------------------------------------------------------------
  1 11 1  01 BARRACKPUR-I               16     1344.47    1216         1.635

  1 11 1  02 BARRACKPUR-II               0     1275.85     142         0.181

  1 11 2  03 HABRA-I                    16     1309.19    1108         1.451

  1 11 2  04 HABRA-II                   16     1184.32    1251         1.482

  1 11 2  05 DEGANGA                    16     1431.05    6355         9.094

  1 11 2  06 BARASAT-I                  20     1309.14    1492         1.953

  1 11 2  07 BARASAT-II                 16     1238.18    2198         2.722

  1 11 2  08 AMDANGA                    20     1285.35    2191         2.816

  1 11 2  09 RAJARHAT                   16     1171.51     316         0.370

  1 11 3  10 BAGDA                      20     1387.03    3827         5.308

  1 11 3  11 BONGAON                    16     1211.35    4909         5.947

  1 11 3  12 GAIGHATA                   20     1263.98    4068         5.142

  1 11 4  13 SWARUPNAGAR                16     1671.01    3616         6.042

  1 11 4  14 HANSNABAD                  18     1156.76    3541         4.096

  1 11 4  15 HINGALGANJ                  0     1351.79     643         0.869

  1 11 4  16 HAROA                      16     1322.85    1075         1.422

  1 11 4  17 MINAKHAN                   16     1352.34    1155         1.562

  1 11 4  18 SANDESHKHALI-I              0     1351.79       1         0.001

  1 11 4  19 SANDESHKHALI-II             0     1351.79     245         0.331

  1 11 4  20 BADURIA                    16     1499.12    2716         4.072

  1 11 4  21 BASIRHAT-I                 16     1142.28    2742         3.132

  1 11 4  22 BASIRHAT-II                17     1383.69    1773         2.453


  --------------------------------------------------------------------------------------------------------------------------------
    11    N.24-PARGANAS                307     1332.79   46580        62.081
  --------------------------------------------------------------------------------------------------------------------------------