          CROP: BORO     (17)                                                   PAGE NO:    11

                              BLOCK WISE YIELD RATE,AREA AND PRODUCTION OF  SUMMER CROPS, 2014-15
  --------------------------------------------------------------------------------------------------------------------------------
  D-DT-SD BLK BLOCK NAME              NCCE    DRY YR     AREA       DRY PRODN   YR CLRICE   PRODN CLRICE
                                             (kg/hec)    (hec)    (000 tonnes)  (kg/hec)    (000 tonnes)
  --------------------------------------------------------------------------------------------------------------------------------
  1 11 1  01 BARRACKPUR-I               18     3470.47    1514         5.254     2313.65        3.503

  1 11 1  02 BARRACKPUR-II               0     3560.31     400         1.424     2373.54        0.949

  1 11 2  03 HABRA-I                    28     5528.08    2975        16.446     3685.39       10.964

  1 11 2  04 HABRA-II                   28     4815.00    3805        18.321     3210.00       12.214

  1 11 2  05 DEGANGA                    52     5116.11    4931        25.228     3410.74       16.818

  1 11 2  06 BARASAT-I                  28     5030.76    2104        10.585     3353.84        7.056

  1 11 2  07 BARASAT-II                 20     4253.65    1437         6.112     2835.77        4.075

  1 11 2  08 AMDANGA                    28     4881.12    4390        21.428     3254.08       14.285

  1 11 2  09 RAJARHAT                   16     5024.49     403         2.025     3349.66        1.350

  1 11 3  10 BAGDAH                     20     4531.70    5036        22.822     3021.13       15.214

  1 11 3  11 BONGAON                    64     5045.34   13523        68.228     3363.56       45.485

  1 11 3  12 GAIGHATA                   52     5381.91    7357        39.595     3587.94       26.396

  1 11 4  13 SWARUPNAGAR                40     5030.79    8188        41.192     3353.86       27.461

  1 11 4  14 HASNABAD                   28     5161.74    1208         6.235     3441.16        4.157

  1 11 4  15 HINGALGANJ                  0     5237.84       3         0.016     3491.89        0.010

  1 11 4  16 HAROA                      32     5567.72     473         2.634     3711.81        1.756

  1 11 4  17 MINAKHAN                    0     5237.84    2119        11.099     3491.89        7.399

  1 11 4  18 SANDESHKHALI-I             20     4872.87       0         0.000     3248.58        0.000

  1 11 4  19 SANDESHKHALI-II             0        0.00       0         0.000        0.00        0.000

  1 11 4  20 BADURIA                    48     6193.51    5105        31.618     4129.01       21.079

  1 11 4  21 BASIRHAT-I                 28     5030.11    2036        10.241     3353.41        6.828

  1 11 4  22 BASIRHAT-II                36     4713.81    3891        18.341     3142.54       12.228


  --------------------------------------------------------------------------------------------------------------------------------
    11    N.24-PARGANAS                586     5061.41   70898       358.844     3374.27      239.229
  --------------------------------------------------------------------------------------------------------------------------------