          CROP: MAIZE    (03)                                                   PAGE NO:     9

                              BLOCK WISE YIELD RATE,AREA AND PRODUCTION OF  BHADUI CROPS, 2013-14
  --------------------------------------------------------------------------------------------------------------------------------
  D-DT-SD BLK BLOCK NAME              NCCE    DRY YR     AREA       DRY PRODN
                                             (kg/hec)    (hec)    (000 tonnes)
  --------------------------------------------------------------------------------------------------------------------------------
  2 14 1  01 PURULIYA-I                  9     1380.75     240         0.331

  2 14 1  04 PUNCHA                     16     1839.03     241         0.443

  2 14 1  05 MANBAZAR-I                 12     1783.35     194         0.346

  2 14 1  06 MANBAZAR-II                17     1872.64    1656         3.101

  2 14 1  07 BANDWAN                    20     1397.16    1636         2.286

  2 14 2  08 JHALDA-I                   14     1593.89       0         0.000

  2 14 2  09 JHALDA-II                  16     2163.32      73         0.158

  2 14 2  10 JOYPUR                     16     2575.76     274         0.706

  2 14 2  11 ARSHA                       5     1851.83     122         0.226

  2 14 2  12 BAGMUNDI                   10     2174.44     268         0.583

  2 14 2  13 BALARAMPUR                 16     2804.57     133         0.373

  2 14 2  14 BARABAZAR                  17     1562.82    1347         2.105

  2 14 3  15 RAGHUNATHPUR-I              7     1596.65       0         0.000

  2 14 3  16 RAGHUNATHPUR-II             7     1569.20       1         0.002

  2 14 3  17 NETURIA                    13      783.06       0         0.000

  2 14 3  18 SANTURI                    11      628.05       0         0.000

  2 14 3  19 KASHIPUR                   18     1373.61       4         0.005


  --------------------------------------------------------------------------------------------------------------------------------
    14    PURULIYA                     224     1723.21    6189        10.665
  --------------------------------------------------------------------------------------------------------------------------------