          CROP: MUSTARD  (15)                                                   PAGE NO:    16

                              BLOCK WISE YIELD RATE,AREA AND PRODUCTION OF  RABI   CROPS, 2013-14
  --------------------------------------------------------------------------------------------------------------------------------
  D-DT-SD BLK BLOCK NAME              NCCE    DRY YR     AREA       DRY PRODN
                                             (kg/hec)    (hec)    (000 tonnes)
  --------------------------------------------------------------------------------------------------------------------------------
  2 14 1  01 PURULIA-I                  17      647.91     306         0.198

  2 14 1  02 PURULIA-II                 15      836.45     103         0.086

  2 14 1  03 HURA                       16      744.83     188         0.140

  2 14 1  04 PUNCHA                     16      924.30     164         0.152

  2 14 1  05 MANBAZAR-I                 16      622.04     135         0.084

  2 14 1  06 MANBAZAR-II                17      575.45     600         0.345

  2 14 1  07 BANDWAN                     8     1104.37     563         0.622

  2 14 2  08 JHALDA-I                   12      583.23      30         0.017

  2 14 2  09 JHALDA-II                  16      762.18      50         0.038

  2 14 2  10 JOYPUR                      6      775.03      35         0.027

  2 14 2  11 ARSHA                      10      714.87     108         0.077

  2 14 2  12 BAGHMUNDI                  10     1845.64     604         1.115

  2 14 2  13 BALARAMPUR                 16      761.52      40         0.030

  2 14 2  14 BARABAZAR                  17      568.51      22         0.013

  2 14 3  15 RAGHUNATHPUR-I             11     1524.87      51         0.078

  2 14 3  16 RAGHUNATHPUR-II             1      704.17       2         0.001

  2 14 3  17 NETURIA                     8      255.55      20         0.005

  2 14 3  18 SANTURI                    12      571.56      44         0.025

  2 14 3  19 KASHIPUR                   17      771.60      68         0.052

  2 14 3  20 PARA                        7      851.70      54         0.046


  --------------------------------------------------------------------------------------------------------------------------------
    14    PURULIYA                     248      989.21    3187         3.153
  --------------------------------------------------------------------------------------------------------------------------------