          CROP: WHEAT    (06)                                                   PAGE NO:    15

                              BLOCK WISE YIELD RATE,AREA AND PRODUCTION OF  RABI   CROPS, 2013-14
  --------------------------------------------------------------------------------------------------------------------------------
  D-DT-SD BLK BLOCK NAME              NCCE    DRY YR     AREA       DRY PRODN
                                             (kg/hec)    (hec)    (000 tonnes)
  --------------------------------------------------------------------------------------------------------------------------------
  2 14 1  01 PURULIA-I                   1     2208.29       9         0.020

  2 14 1  02 PURULIA-II                 16     2063.02      90         0.186

  2 14 1  03 HURA                        5     1981.06      16         0.032

  2 14 1  04 PUNCHA                      0     2207.71      20         0.044

  2 14 1  05 MANBAZAR-I                  7     1955.50     137         0.268

  2 14 1  06 MANBAZAR-II                16     2634.13     170         0.448

  2 14 1  07 BANDWAN                    16     1989.36       9         0.018

  2 14 2  09 JHALDA-II                   0     2366.89     216         0.511

  2 14 2  11 ARSHA                       0     2366.89     114         0.270

  2 14 2  12 BAGHMUNDI                   0     2366.89      72         0.170

  2 14 2  13 BALARAMPUR                  6     2389.36     125         0.299

  2 14 2  14 BARABAZAR                  17     1800.04      25         0.045

  2 14 3  15 RAGHUNATHPUR-I             16     2500.00       5         0.013

  2 14 3  16 RAGHUNATHPUR-II             5     2006.60       1         0.002

  2 14 3  17 NETURIA                     3      914.28       1         0.001

  2 14 3  18 SANTURI                     4     1833.43     112         0.205

  2 14 3  19 KASHIPUR                    5     1495.64      17         0.025

  2 14 3  20 PARA                       16     2476.34      48         0.119


  --------------------------------------------------------------------------------------------------------------------------------
    14    PURULIYA                     133     2253.77    1187         2.675
  --------------------------------------------------------------------------------------------------------------------------------