          CROP: BORO     (17)                                                   PAGE NO:    16

                              BLOCK WISE YIELD RATE,AREA AND PRODUCTION OF  SUMMER CROPS, 2013-14
  --------------------------------------------------------------------------------------------------------------------------------
  D-DT-SD BLK BLOCK NAME              NCCE    DRY YR     AREA       DRY PRODN   YR CLRICE   PRODN CLRICE
                                             (kg/hec)    (hec)    (000 tonnes)  (kg/hec)    (000 tonnes)
  --------------------------------------------------------------------------------------------------------------------------------
  2 14 1  01 PURULIYA-I                 18     3650.02       0         0.000     2433.35        0.000

  2 14 1  02 PURULIYA-II                 6     2472.24       0         0.000     1648.16        0.000

  2 14 1  03 HURA                        5     3975.89       5         0.020     2650.59        0.013

  2 14 1  04 PUNCHA                      9     2971.69       0         0.000     1981.13        0.000

  2 14 1  05 MANBAZAR-I                  6     3538.07       0         0.000     2358.71        0.000

  2 14 1  06 MANBAZAR-II                 9     4435.16       0         0.000     2956.77        0.000

  2 14 1  07 BANDWAN                    10     2728.03      16         0.044     1818.69        0.029

  2 14 2  08 JHALDA-I                    6     3252.77     256         0.833     2168.51        0.555

  2 14 2  09 JHALDA-II                   9     4145.33       0         0.000     2763.55        0.000

  2 14 2  10 JOYPUR                     16     3840.84       0         0.000     2560.56        0.000

  2 14 2  11 ARSHA                      16     4014.18      17         0.068     2676.12        0.045

  2 14 2  12 BAGMUNDI                    5     3920.24       0         0.000     2613.49        0.000

  2 14 2  13 BALARAMPUR                  9     4427.59     113         0.500     2951.73        0.334

  2 14 2  14 BARABAZAR                  17     4303.26      71         0.306     2868.84        0.204

  2 14 3  15 RAGHUNATHPUR-I              2     3890.25       0         0.000     2593.50        0.000

  2 14 3  16 RAGHUNATHPUR-II            16     3911.57      26         0.102     2607.71        0.068

  2 14 3  17 NETURIA                     5     3375.43       0         0.000     2250.29        0.000

  2 14 3  19 KASHIPUR                   16     3187.43      12         0.038     2124.95        0.025

  2 14 3  20 PARA                        2     3885.25       0         0.000     2590.17        0.000


  --------------------------------------------------------------------------------------------------------------------------------
    14    PURULIYA                     182     3702.09     516         1.910     2468.06        1.274
  --------------------------------------------------------------------------------------------------------------------------------