          CROP: AMAN     (05)                                                   PAGE NO:    16

                              BLOCK WISE YIELD RATE,AREA AND PRODUCTION OF  WINTER CROPS, 2013-14
  --------------------------------------------------------------------------------------------------------------------------------
  D-DT-SD BLK BLOCK NAME              NCCE    DRY YR     AREA       DRY PRODN   YR CLRICE   PRODN CLRICE
                                             (kg/hec)    (hec)    (000 tonnes)  (kg/hec)    (000 tonnes)
  --------------------------------------------------------------------------------------------------------------------------------
  2 14 1  01 PURULIYA-I                 16     3898.41   34693       135.248     2598.94       90.165

  2 14 1  02 PURULIYA-II                16     2229.20    1795         4.001     1486.13        2.668

  2 14 1  03 HURA                       16     2467.23    2233         5.509     1644.82        3.673

  2 14 1  04 PUNCHA                     16     3124.24    1490         4.655     2082.83        3.103

  2 14 1  05 MANBAZAR-I                 16     3053.14    1740         5.312     2035.43        3.542

  2 14 1  06 MANBAZAR-II                16     3593.56   14351        51.571     2395.71       34.381

  2 14 1  07 BANDWAN                    16     3047.25    1739         5.299     2031.50        3.533

  2 14 2  08 JHALDA-I                   16     3354.45   19014        63.782     2236.30       42.521

  2 14 2  09 JHALDA-II                  16     3741.51   34155       127.791     2494.34       85.194

  2 14 2  10 JOYPUR                     16     3260.47   10593        34.538     2173.65       23.025

  2 14 2  11 ARSHA                      16     4006.61   39094       156.634     2671.07      104.423

  2 14 2  12 BAGMUNDI                   16     3761.40   35241       132.555     2507.60       88.370

  2 14 2  13 BALARAMPUR                 16     3715.83   30034       111.601     2477.22       74.401

  2 14 2  14 BARABAZAR                  16     3459.43   27788        96.131     2306.29       64.087

  2 14 3  15 RAGHUNATHPUR-I             16     3076.29    1540         4.737     2050.86        3.158

  2 14 3  16 RAGHUNATHPUR-II            16     3525.04    6901        24.326     2350.03       16.218

  2 14 3  17 NETURIA                    16     2725.83    1771         4.827     1817.22        3.218

  2 14 3  18 SANTURI                    16     2918.94    1542         4.501     1945.96        3.001

  2 14 3  19 KASHIPUR                   16     3289.86   22061        72.578     2193.24       48.385

  2 14 3  20 PARA                       16     3421.29   14499        49.605     2280.86       33.070


  --------------------------------------------------------------------------------------------------------------------------------
    14    PURULIYA                     320     3623.22  302274      1095.204     2415.48      730.136
  --------------------------------------------------------------------------------------------------------------------------------