          CROP: SUGARCANE(16)                                                   PAGE NO:     8

                              BLOCK WISE YIELD RATE,AREA AND PRODUCTION OF  RABI   CROPS, 2015-16
  --------------------------------------------------------------------------------------------------------------------------------
  D-DT-SD BLK BLOCK NAME              NCCE    DRY YR     AREA       DRY PRODN
                                             (kg/hec)    (hec)    (000 tonnes)
  --------------------------------------------------------------------------------------------------------------------------------
  2 09 1  04 AUSGRAM-II                  0    68236.38      15         1.024

  2 09 1  05 BHATAR                      4    68229.48       5         0.341

  2 09 3  13 KATWA-I                     6    75182.00      93         6.992

  2 09 3  14 KATWA-II                    2    58774.18      40         2.351

  2 09 3  15 KETUGRAM-I                  4    69169.81     788        54.506

  2 09 3  16 KETUGRAM-II                 0    68214.45     932        63.576

  2 09 3  17 MANGALKOT                   3    67464.87      43         2.901

  2 09 4  20 PURBASTHALI-I               0    68236.38       3         0.205

  2 09 4  21 PURBASTHALI-II              0    68236.38       2         0.136

  2 09 4  22 MONTESWAR                   0    68236.38      52         3.548

  2 09 5  25 DURGAPUR-FARIDPUR           2    68235.92       5         0.341

  2 09 5  27 KANKSA                      4    68283.01       1         0.068

  2 09 6  28 SALANPUR                    5    72551.76       1         0.073

  2 09 6  29 BARABANI                    2    67973.77       1         0.068

  2 09 6  31 JAMURIA                     3    64647.86       5         0.323


  --------------------------------------------------------------------------------------------------------------------------------
    09    BARDDHAMAN                    35    68707.43    1986       136.453
  --------------------------------------------------------------------------------------------------------------------------------