        CROP: AMAN     (05)                                                   PAGE NO:    10

                              BLOCK WISE YIELD RATE,AREA AND PRODUCTION OF  WINTER CROPS, 2015-16
  --------------------------------------------------------------------------------------------------------------------------------
  D-DT-SD BLK BLOCK NAME              NCCE    DRY YR     AREA       DRY PRODN   YR CLRICE   PRODN CLRICE
                                             (kg/hec)    (hec)    (000 tonnes)  (kg/hec)    (000 tonnes)
  --------------------------------------------------------------------------------------------------------------------------------
  2 09 1  01 BURDWAN -I                 36     4818.90   18270        88.041     3212.60       58.694

  2 09 1  02 BURDWAN-II                 36     5142.18   10260        52.759     3428.12       35.173

  2 09 1  03 AUSGRAM-I                  32     5070.18   16643        84.383     3380.12       56.255

  2 09 1  04 AUSGRAM-II                 28     5465.83   19432       106.212     3643.89       70.808

  2 09 1  05 BHATAR                     56     6171.88   31616       195.130     4114.59      130.087

  2 09 1  06 GALSI-II                   36     5967.68   16418        97.977     3978.45       65.318

  2 09 2  07 MEMARI-I                   44     5429.56   10818        58.737     3619.71       39.158

  2 09 2  08 MEMARI-II                  36     5831.45   10645        62.076     3887.63       41.384

  2 09 2  09 JAMALPUR                   52     5521.78   19029       105.074     3681.19       70.049

  2 09 2  10 RAINA-I                    32     4657.96   20684        96.345     3105.31       64.230

  2 09 2  11 RAINA-II                   32     5053.54   17553        88.705     3369.03       59.137

  2 09 2  12 KHANDAGHOSH                40     4930.24   21991       108.421     3286.83       72.281

  2 09 3  13 KATWA-I                    40     5228.96   12101        63.276     3485.97       42.184

  2 09 3  14 KATWA-II                   28     5163.17   12351        63.770     3442.11       42.514

  2 09 3  15 KETUGRAM-I                 32     5165.67   15620        80.688     3443.78       53.792

  2 09 3  16 KETUGRAM-II                28     5121.30   10889        55.766     3414.20       37.177

  2 09 3  17 MANGALKOT                  60     4724.58   28068       132.610     3149.72       88.406

  2 09 4  18 KALNA-I                    36     5371.50   11454        61.525     3581.00       41.017

  2 09 4  19 KALNA-II                   32     4764.80   12174        58.007     3176.53       38.671

  2 09 4  20 PURBASTHALI-I              28     1986.62   10674        21.205     1324.41       14.137

  2 09 4  21 PURBASTHALI-II             36     4664.55    6970        32.512     3109.70       21.675

  2 09 4  22 MONTESWAR                  52     4586.69   22949       105.260     3057.79       70.173

  2 09 5  23 GALSI-I                    36     5477.56   16911        92.631     3651.71       61.754

  2 09 5  24 ANDAL                      32     5420.28    1380         7.480     3613.52        4.987
          CROP: AMAN     (05)                                                   PAGE NO:    11

                              BLOCK WISE YIELD RATE,AREA AND PRODUCTION OF  WINTER CROPS, 2015-16
  --------------------------------------------------------------------------------------------------------------------------------
  D-DT-SD BLK BLOCK NAME              NCCE    DRY YR     AREA       DRY PRODN   YR CLRICE   PRODN CLRICE
                                             (kg/hec)    (hec)    (000 tonnes)  (kg/hec)    (000 tonnes)
  --------------------------------------------------------------------------------------------------------------------------------
  2 09 5  25 DURGAPUR-FARIDPUR          24     5566.48    8916        49.631     3710.99       33.087

  2 09 5  26 PANDAVESWAR                24     4856.74    1881         9.136     3237.83        6.090

  2 09 5  27 KANKSA                     28     5427.03   11303        61.342     3618.02       40.894

  2 09 6  28 SALANPUR                   44     4976.39    4149        20.647     3317.59       13.765

  2 09 6  29 BARABANI                   32     3882.06    8500        32.998     2588.04       21.998

  2 09 6  30 RANIGANJ                   24     4110.50    1481         6.088     2740.33        4.058

  2 09 6  31 JAMURIA                    36     4417.42    6187        27.331     2944.95       18.220


  --------------------------------------------------------------------------------------------------------------------------------
    09    BURDWAN                     1112     5093.87  417317      2125.760     3395.91     1417.173
  --------------------------------------------------------------------------------------------------------------------------------