          CROP: MUSTARD  (15)                                                   PAGE NO:    10

                              BLOCK WISE YIELD RATE,AREA AND PRODUCTION OF  RABI   CROPS, 2015-16
  --------------------------------------------------------------------------------------------------------------------------------
  D-DT-SD BLK BLOCK NAME              NCCE    DRY YR     AREA       DRY PRODN
                                             (kg/hec)    (hec)    (000 tonnes)
  --------------------------------------------------------------------------------------------------------------------------------
  2 09 1  01 BURDWAN -I                 19     1318.41    1012         1.334

  2 09 1  02 BURDWAN-II                 19     1200.71     212         0.255

  2 09 1  03 AUSGRAM-I                  16     1009.80     845         0.853

  2 09 1  04 AUSGRAM-II                 20     1320.93    1121         1.481

  2 09 1  05 BHATAR                     17      837.94    1163         0.975

  2 09 1  06 GALSI-II                   18     1134.47     890         1.010

  2 09 2  07 MEMARI-I                   17      396.02     298         0.118

  2 09 2  08 MEMARI-II                  18      494.91     212         0.105

  2 09 2  09 JAMALPUR                   16      783.17     102         0.080

  2 09 2  10 RAINA-I                    18      872.79     426         0.372

  2 09 2  11 RAINA-II                   17     1144.89    1042         1.193

  2 09 2  12 KHANDAGHOSH                18      893.64    2045         1.827

  2 09 3  13 KATWA-I                    18      525.61     519         0.273

  2 09 3  14 KATWA-II                   16      873.08     389         0.340

  2 09 3  15 KETUGRAM-I                 16     1061.39      24         0.025

  2 09 3  16 KETUGRAM-II                16      895.96    1541         1.381

  2 09 3  17 MANGALKOT                  17      762.92    1805         1.377

  2 09 4  18 KALNA-I                    16      783.98     134         0.105

  2 09 4  19 KALNA-II                   16      890.35      23         0.020

  2 09 4  20 PURBASTHALI-I              17      938.28    2479         2.326

  2 09 4  21 PURBASTHALI-II             17     1005.21    3030         3.046

  2 09 4  22 MONTESWAR                  16     1183.36    1162         1.375

  2 09 5  23 GALSI-I                    16      945.24    2188         2.068

  2 09 5  24 ANDAL                       5      875.38       3         0.003
          CROP: MUSTARD  (15)                                                   PAGE NO:    11

                              BLOCK WISE YIELD RATE,AREA AND PRODUCTION OF  RABI   CROPS, 2015-16
  --------------------------------------------------------------------------------------------------------------------------------
  D-DT-SD BLK BLOCK NAME              NCCE    DRY YR     AREA       DRY PRODN
                                             (kg/hec)    (hec)    (000 tonnes)
  --------------------------------------------------------------------------------------------------------------------------------
  2 09 5  25 DURGAPUR-FARIDPUR          12      885.45     111         0.098

  2 09 5  26 PANDABESWAR                 7      740.52      22         0.016

  2 09 5  27 KANKSA                     19      816.14    1112         0.908

  2 09 6  29 BARABANI                    5      651.17      15         0.010

  2 09 6  30 RANIGANJ                    2      706.12      10         0.007

  2 09 6  31 JAMURIA                     7      757.67      23         0.017


  --------------------------------------------------------------------------------------------------------------------------------
    09    BARDDHAMAN                   451      959.90   23958        22.997
  --------------------------------------------------------------------------------------------------------------------------------