          CROP: TIL      (18)                                                   PAGE NO:    10

                              BLOCK WISE YIELD RATE,AREA AND PRODUCTION OF  SUMMER CROPS, 2015-16
  --------------------------------------------------------------------------------------------------------------------------------
  D-DT-SD BLK BLOCK NAME              NCCE    DRY YR     AREA       DRY PRODN
                                             (kg/hec)    (hec)    (000 tonnes)
  --------------------------------------------------------------------------------------------------------------------------------
  2 09 1  01 BURDWAN -I                 10      964.67     447         0.431

  2 09 1  02 BURDWAN-II                 15      869.79     165         0.144

  2 09 1  03 AUSGRAM-I                  17      536.22     868         0.465

  2 09 1  04 AUSGRAM-II                 20      725.24     586         0.425

  2 09 1  05 BHATAR                     19      585.66     359         0.210

  2 09 1  06 GALSI-II                   12      940.03    1024         0.963

  2 09 2  07 MEMARI-I                   18      563.47    1135         0.640

  2 09 2  08 MEMARI-II                  14      525.01     427         0.224

  2 09 2  09 JAMALPUR                   18      674.71    3936         2.656

  2 09 2  10 RAINA-I                    17      618.23     448         0.277

  2 09 2  11 RAINA-II                   17      926.20     857         0.794

  2 09 2  12 KHANDAGHOSH                18      828.17    2329         1.929

  2 09 3  13 KATWA-I                     0      673.05     993         0.668

  2 09 3  14 KATWA-II                   16      505.06     276         0.139

  2 09 3  15 KETUGRAM-I                 14      910.76     265         0.241

  2 09 3  16 KETUGRAM-II                12      366.06     166         0.061

  2 09 3  17 MANGALKOT                  17      742.28    1052         0.781

  2 09 4  18 KALNA-I                    16     1109.21     709         0.786

  2 09 4  19 KALNA-II                   16     1031.75     554         0.572

  2 09 4  20 PURBASTHALI-I              16     1006.75     231         0.233

  2 09 4  21 PURBASTHALI-II             18      968.64     732         0.709

  2 09 4  22 MONTESWAR                  14      955.71     370         0.354

  2 09 5  23 GALSI-I                    12      705.33     104         0.073

  2 09 5  25 DURGAPUR-FARIDPUR           4      741.74      31         0.023
          CROP: TIL      (18)                                                   PAGE NO:    11

                              BLOCK WISE YIELD RATE,AREA AND PRODUCTION OF  SUMMER CROPS, 2015-16
  --------------------------------------------------------------------------------------------------------------------------------
  D-DT-SD BLK BLOCK NAME              NCCE    DRY YR     AREA       DRY PRODN
                                             (kg/hec)    (hec)    (000 tonnes)
  --------------------------------------------------------------------------------------------------------------------------------
  2 09 5  27 KANKSA                      4      599.30     141         0.085

  2 09 6  29 BARABANI                    0      778.63       5         0.004


  --------------------------------------------------------------------------------------------------------------------------------
    09    BARDDHAMAN                   354      762.53   18210        13.886
  --------------------------------------------------------------------------------------------------------------------------------