          CROP: MUSUR    (09)                                                   PAGE NO:    10

                              BLOCK WISE YIELD RATE,AREA AND PRODUCTION OF  RABI   CROPS, 2015-16
  --------------------------------------------------------------------------------------------------------------------------------
  D-DT-SD BLK BLOCK NAME              NCCE    DRY YR     AREA       DRY PRODN
                                             (kg/hec)    (hec)    (000 tonnes)
  --------------------------------------------------------------------------------------------------------------------------------
  2 09 1  01 BURDWAN -I                  4      599.13       5         0.003

  2 09 1  02 BURDWAN-II                  4      610.45       5         0.003

  2 09 1  03 AUSGRAM-I                   6      336.51      17         0.006

  2 09 1  04 AUSGRAM-II                  2      623.15       5         0.003

  2 09 1  05 BHATAR                      9     1086.61      15         0.016

  2 09 1  06 GALSI-II                    2      670.66       5         0.003

  2 09 2  08 MEMARI-II                   2      809.38       5         0.004

  2 09 2  10 RAINA-I                    16      942.90      20         0.019

  2 09 2  11 RAINA-II                    8      834.72       7         0.006

  2 09 2  12 KHANDAGHOSH                11      943.09     111         0.105

  2 09 3  13 KATWA-I                    12      645.38       9         0.006

  2 09 3  14 KATWA-II                    4      371.89      43         0.016

  2 09 3  15 KETUGRAM-I                  6      831.72       5         0.004

  2 09 3  16 KETUGRAM-II                 4      375.15     160         0.060

  2 09 3  17 MANGALKOT                  10      588.89       4         0.002

  2 09 4  18 KALNA-I                     2      409.46       5         0.002

  2 09 4  19 KALNA-II                    0      411.60       5         0.002

  2 09 4  20 PURBASTHALI-I               8      514.79      10         0.005

  2 09 4  21 PURBASTHALI-II             16      424.13     703         0.298

  2 09 4  22 MONTESWAR                   4      427.28       1         0.000

  2 09 5  23 GALSI-I                     2      640.26       6         0.004

  2 09 5  24 ANDAL                       6      347.13       6         0.002

  2 09 5  25 DURGAPUR-FARIDPUR           8      703.80       5         0.004

  2 09 5  26 PANDABESWAR                 5      470.26       5         0.002
          CROP: MUSUR    (09)                                                   PAGE NO:    11

                              BLOCK WISE YIELD RATE,AREA AND PRODUCTION OF  RABI   CROPS, 2015-16
  --------------------------------------------------------------------------------------------------------------------------------
  D-DT-SD BLK BLOCK NAME              NCCE    DRY YR     AREA       DRY PRODN
                                             (kg/hec)    (hec)    (000 tonnes)
  --------------------------------------------------------------------------------------------------------------------------------
  2 09 5  27 KANKSA                      9      561.54      33         0.019

  2 09 6  28 SALANPUR                    3      351.52       5         0.002

  2 09 6  29 BARABANI                    2      352.04       4         0.001

  2 09 6  30 RANIGANJ                    2      358.93       5         0.002

  2 09 6  31 JAMURIA                     3      354.63       5         0.002


  --------------------------------------------------------------------------------------------------------------------------------
    09    BARDDHAMAN                   170      495.23    1214         0.601
  --------------------------------------------------------------------------------------------------------------------------------