          CROP: GRAM     (08)                                                   PAGE NO:     8

                              BLOCK WISE YIELD RATE,AREA AND PRODUCTION OF  RABI   CROPS, 2015-16
  --------------------------------------------------------------------------------------------------------------------------------
  D-DT-SD BLK BLOCK NAME              NCCE    DRY YR     AREA       DRY PRODN
                                             (kg/hec)    (hec)    (000 tonnes)
  --------------------------------------------------------------------------------------------------------------------------------
  2 09 1  03 AUSGRAM-I                   0      854.40      10         0.009

  2 09 1  05 BHATAR                      0      854.40       3         0.003

  2 09 2  10 RAINA-I                     2      875.95       5         0.004

  2 09 3  13 KATWA-I                     2      671.60       5         0.003

  2 09 3  15 KETUGRAM-I                  2      872.10       5         0.004

  2 09 3  16 KETUGRAM-II                 0      854.40      50         0.043

  2 09 3  17 MANGALKOT                   2      632.62       5         0.003

  2 09 4  18 KALNA-I                     0      854.40       5         0.004

  2 09 4  20 PURBASTHALI-I               1      874.69       5         0.004

  2 09 5  24 ANDAL                       6      675.04       9         0.006

  2 09 5  25 DURGAPUR-FARIDPUR           2      869.60       5         0.004

  2 09 5  26 PANDABESWAR                 1      826.56       5         0.004

  2 09 6  28 SALANPUR                    1      796.27       5         0.004

  2 09 6  30 RANIGANJ                    1      857.93       1         0.001

  2 09 6  31 JAMURIA                     1      839.32       5         0.004


  --------------------------------------------------------------------------------------------------------------------------------
    09    BARDDHAMAN                    21      823.79     123         0.101
  --------------------------------------------------------------------------------------------------------------------------------