          CROP: BORO     (17)                                                   PAGE NO:     9

                              BLOCK WISE YIELD RATE,AREA AND PRODUCTION OF  SUMMER CROPS, 2015-16
  --------------------------------------------------------------------------------------------------------------------------------
  D-DT-SD BLK BLOCK NAME              NCCE    DRY YR     AREA       DRY PRODN   YR CLRICE   PRODN CLRICE
                                             (kg/hec)    (hec)    (000 tonnes)  (kg/hec)    (000 tonnes)
  --------------------------------------------------------------------------------------------------------------------------------
  2 09 1  01 BURDWAN -I                 36     4688.43   11378        53.345     3125.62       35.563

  2 09 1  02 BURDWAN-II                 36     4801.82   10597        50.885     3201.21       33.923

  2 09 1  03 AUSGRAM-I                  32     4849.15    3498        16.962     3232.77       11.308

  2 09 1  04 AUSGRAM-II                 28     4887.34    1348         6.588     3258.23        4.392

  2 09 1  05 BHATAR                     56     5426.52   17495        94.937     3617.68       63.291

  2 09 1  06 GALSI-II                   36     4872.76    4534        22.093     3248.51       14.729

  2 09 2  07 MEMARI-I                   44     4495.43    1127         5.066     2996.95        3.378

  2 09 2  08 MEMARI-II                  36     4813.70    4828        23.241     3209.13       15.494

  2 09 2  09 JAMALPUR                   52     5226.56    1086         5.676     3484.37        3.784

  2 09 2  10 RAINA-I                    32     5178.11    2009        10.403     3452.07        6.935

  2 09 2  11 RAINA-II                   32     5091.98    6718        34.208     3394.65       22.805

  2 09 2  12 KHANDAGHOSH                40     4219.26    4843        20.434     2812.84       13.623

  2 09 3  13 KATWA-I                    40     5501.05    7155        39.360     3667.37       26.240

  2 09 3  14 KATWA-II                   28     4794.89    4569        21.908     3196.59       14.605

  2 09 3  15 KETUGRAM-I                 32     5479.54    6913        37.880     3653.03       25.253

  2 09 3  16 KETUGRAM-II                28     4728.53    8964        42.387     3152.35       28.258

  2 09 3  17 MANGALKOT                  60     5528.96    8950        49.484     3685.97       32.989

  2 09 4  18 KALNA-I                    36     4908.14    4043        19.844     3272.09       13.229

  2 09 4  19 KALNA-II                   32     3844.57    3774        14.509     2563.05        9.673

  2 09 4  20 PURBASTHALI-I              28     6299.87    4700        29.609     4199.91       19.740

  2 09 4  21 PURBASTHALI-II             40     4820.02    4316        20.803     3213.35       13.869

  2 09 4  22 MONTESWAR                  52     4578.76   23854       109.222     3052.51       72.814

  2 09 5  23 GALSI-I                    32     4493.93     879         3.950     2995.95        2.633

  2 09 5  27 KANKSA                      6     4302.46     436         1.876     2868.31        1.251


  --------------------------------------------------------------------------------------------------------------------------------
    09    BURDWAN                      874     4963.52  148014       734.670     3309.01      489.780
  --------------------------------------------------------------------------------------------------------------------------------