          CROP: WHEAT    (06)                                                   PAGE NO:    10

                              BLOCK WISE YIELD RATE,AREA AND PRODUCTION OF  RABI   CROPS, 2015-16
  --------------------------------------------------------------------------------------------------------------------------------
  D-DT-SD BLK BLOCK NAME              NCCE    DRY YR     AREA       DRY PRODN
                                             (kg/hec)    (hec)    (000 tonnes)
  --------------------------------------------------------------------------------------------------------------------------------
  2 09 1  01 BURDWAN -I                  0     2483.25      43         0.107

  2 09 1  02 BURDWAN-II                  1     2364.37      10         0.024

  2 09 1  03 AUSGRAM-I                  16     2981.46     126         0.376

  2 09 1  04 AUSGRAM-II                  5     2309.17      12         0.028

  2 09 2  07 MEMARI-I                    2     2124.11       1         0.002

  2 09 2  10 RAINA-I                     4     2401.59     196         0.471

  2 09 2  11 RAINA-II                    2     2222.17      52         0.116

  2 09 2  12 KHANDAGHOSH                 0     2225.36      85         0.189

  2 09 3  15 KETUGRAM-I                  2     1820.08       1         0.002

  2 09 3  16 KETUGRAM-II                 8     1692.89     106         0.179

  2 09 3  17 MANGALKOT                   5     1456.78      48         0.070

  2 09 4  20 PURBASTHALI-I               6     2336.71     566         1.323

  2 09 4  21 PURBASTHALI-II             17     2487.57      54         0.134

  2 09 5  24 ANDAL                       2     1744.49       1         0.002

  2 09 5  25 DURGAPUR-FARIDPUR          16     2180.06      20         0.044

  2 09 5  27 KANKSA                     17     1845.63     201         0.371

  2 09 6  28 SALANPUR                    6     1906.53       1         0.002

  2 09 6  29 BARABANI                    3     2239.56       1         0.002


  --------------------------------------------------------------------------------------------------------------------------------
    09    BARDDHAMAN                   112     2257.15    1524         3.440
  --------------------------------------------------------------------------------------------------------------------------------