          CROP: AUS      (02)                                                   PAGE NO:    10

                              BLOCK WISE YIELD RATE,AREA AND PRODUCTION OF  BHADUI CROPS, 2015-16
  --------------------------------------------------------------------------------------------------------------------------------
  D-DT-SD BLK BLOCK NAME              NCCE    DRY YR     AREA       DRY PRODN   YR CLRICE   PRODN CLRICE
                                             (kg/hec)    (hec)    (000 tonnes)  (kg/hec)    (000 tonnes)
  --------------------------------------------------------------------------------------------------------------------------------
  2 09 1  03 AUSGRAM-I                  16     4009.19      23         0.092     2672.79        0.061

  2 09 1  04 AUSGRAM-II                  8     4327.43       2         0.009     2884.95        0.006

  2 09 1  05 BHATAR                      0     4453.71       1         0.004     2969.14        0.003

  2 09 1  06 GALSI-II                   10     4508.35     213         0.960     3005.57        0.640

  2 09 2  07 MEMARI-I                   16     4892.92    4525        22.140     3261.95       14.760

  2 09 2  08 MEMARI-II                  16     4947.45    5901        29.195     3298.30       19.463

  2 09 2  09 JAMALPUR                   17     4718.30    1629         7.686     3145.53        5.124

  2 09 2  12 KHANDAGHOSH                 0     4873.92      23         0.112     3249.28        0.075

  2 09 3  13 KATWA-I                    18     4296.00     234         1.005     2864.00        0.670

  2 09 3  14 KATWA-II                    0     4357.26      45         0.196     2904.84        0.131

  2 09 3  16 KETUGRAM-II                 0     4357.26       7         0.031     2904.84        0.020

  2 09 3  17 MANGALKOT                   0     4357.26     349         1.521     2904.84        1.014

  2 09 4  18 KALNA-I                     5     4505.29      10         0.045     3003.53        0.030

  2 09 4  19 KALNA-II                   16     4022.95      79         0.318     2681.97        0.212

  2 09 4  20 PURBASTHALI-I               8     3683.75       5         0.018     2455.83        0.012

  2 09 4  21 PURBASTHALI-II             17     4187.05      22         0.092     2791.37        0.061

  2 09 4  22 MONTESWAR                   6     4088.81      61         0.249     2725.87        0.166

  2 09 5  25 DURGAPUR-FARIDPUR           0     3688.12       5         0.018     2458.75        0.012

  2 09 5  27 KANKSA                     13     3640.46       8         0.029     2426.97        0.019


  --------------------------------------------------------------------------------------------------------------------------------
    09    BARDDHAMAN                   166     4848.74   13142        63.722     3232.49       42.481
  --------------------------------------------------------------------------------------------------------------------------------