          CROP: BORO     (17)                                                   PAGE NO:    20

                              BLOCK WISE YIELD RATE,AREA AND PRODUCTION OF  SUMMER CROPS, 2015-16
  --------------------------------------------------------------------------------------------------------------------------------
  D-DT-SD BLK BLOCK NAME              NCCE    DRY YR     AREA       DRY PRODN   YR CLRICE   PRODN CLRICE
                                             (kg/hec)    (hec)    (000 tonnes)  (kg/hec)    (000 tonnes)
  --------------------------------------------------------------------------------------------------------------------------------
  2 19 1  01 TAMLUK                     52     5285.80    6647        35.135     3523.87       23.423

  2 19 1  02 SAHID MATANGINI (T-I       40     5064.21    5285        26.764     3376.14       17.843

  2 19 1  03 PANSKURA-I                 60     5172.56    8440        43.656     3448.37       29.104

  2 19 1  04 PANSKURA-II                52     5681.57    7662        43.532     3787.71       29.021

  2 19 1  05 MOYNA                      44     6033.33    9094        54.867     4022.22       36.578

  2 19 1  06 NANDIGRAM-III              40     4823.28    4911        23.687     3215.52       15.791

  2 19 1  07 NANDAKUMAR (M -I)          20     4227.12     414         1.750     2818.08        1.167

  2 19 2  08 MOHISADAL                  44     4353.02    8814        38.368     2902.01       25.578

  2 19 2  09 NANDIGRAM-I                40     5014.96    1757         8.811     3343.31        5.874

  2 19 2  10 NANDIGRAM-II               28     4550.54    3050        13.879     3033.69        9.253

  2 19 2  11 SUTAHATA                   24     3576.23    3487        12.470     2384.15        8.314

  2 19 2  12 HALDIA (S -II)             16     4191.37    4659        19.528     2794.25       13.018

  2 19 3  13 CONTAI-I                   36     5204.86    2526        13.147     3469.91        8.765

  2 19 3  14 CONTAI-II                  32     4772.27    2448        11.683     3181.51        7.788

  2 19 3  15 CONTAI-III                 32     4472.39    3294        14.732     2981.59        9.821

  2 19 3  16 KHEJURI-I                  24     4848.77    3480        16.874     3232.51       11.249

  2 19 3  17 KHEJURI-II                 20     4857.77    4515        21.933     3238.51       14.622

  2 19 3  18 BHAGAWANPUR-II             20     3878.44    9850        38.203     2585.63       25.468

  2 19 3  19 RAMNAGAR-I                 36     5103.13    5185        26.460     3402.09       17.640

  2 19 3  20 RAMNAGAR-II                32     4331.07    1884         8.160     2887.38        5.440

  2 19 4  21 EGRA-I                     36     4050.12    9393        38.043     2700.08       25.362

  2 19 4  22 EGRA-II                    32     4828.71   10649        51.421     3219.14       34.281

  2 19 4  23 POTASHPUR-I                36     5427.68   12750        69.203     3618.45       46.135

  2 19 4  24 POTASHPUR-II               28     5590.28   15135        84.609     3726.85       56.406
          CROP: BORO     (17)                                                   PAGE NO:    21

                              BLOCK WISE YIELD RATE,AREA AND PRODUCTION OF  SUMMER CROPS, 2015-16
  --------------------------------------------------------------------------------------------------------------------------------
  D-DT-SD BLK BLOCK NAME              NCCE    DRY YR     AREA       DRY PRODN   YR CLRICE   PRODN CLRICE
                                             (kg/hec)    (hec)    (000 tonnes)  (kg/hec)    (000 tonnes)
  --------------------------------------------------------------------------------------------------------------------------------
  2 19 4  25 BHAGAWANPUR-I              40     4698.12    9880        46.417     3132.08       30.945


  --------------------------------------------------------------------------------------------------------------------------------
    19    PURBA MEDINIPUR              864     4918.09  155209       763.331     3278.73      508.888
  --------------------------------------------------------------------------------------------------------------------------------