          CROP: AUS      (02)                                                   PAGE NO:    20

                              BLOCK WISE YIELD RATE,AREA AND PRODUCTION OF  BHADUI CROPS, 2015-16
  --------------------------------------------------------------------------------------------------------------------------------
  D-DT-SD BLK BLOCK NAME              NCCE    DRY YR     AREA       DRY PRODN   YR CLRICE   PRODN CLRICE
                                             (kg/hec)    (hec)    (000 tonnes)  (kg/hec)    (000 tonnes)
  --------------------------------------------------------------------------------------------------------------------------------
  2 19 1  02 SAHID MATANGINI (T-I        0      129.02     151         0.019       86.01        0.013

  2 19 1  05 MOYNA                      16      243.51      20         0.005      162.34        0.003

  2 19 1  06 NANDIGRAM-III              18      117.31     204         0.024       78.21        0.016

  2 19 2  08 MOHISADAL                   0     3251.26     153         0.497     2167.51        0.332

  2 19 2  09 NANDIGRAM-I                 0     3251.26    1255         4.080     2167.51        2.720

  2 19 2  10 NANDIGRAM-II                0     3251.26     151         0.491     2167.51        0.327

  2 19 3  16 KHEJURI-I                   0     1710.74      80         0.137     1140.49        0.091

  2 19 3  17 KHEJURI-II                  0     1710.74      55         0.094     1140.49        0.063

  2 19 3  18 BHAGAWANPUR-II             16     1707.25     565         0.965     1138.17        0.643

  2 19 3  20 RAMNAGAR-II                 0     1710.74    1088         1.861     1140.49        1.241

  2 19 4  21 EGRA-I                      0     3451.77     370         1.277     2301.18        0.851

  2 19 4  22 EGRA-II                     0     3451.77      25         0.086     2301.18        0.058

  2 19 4  23 POTASHPUR-I                18     3664.74    4472        16.389     2443.16       10.926

  2 19 4  24 POTASHPUR-II               18     3454.61    3099        10.706     2303.07        7.137

  2 19 4  25 BHAGAWANPUR-I              16      253.77     258         0.065      169.18        0.044


  --------------------------------------------------------------------------------------------------------------------------------
    19    PURBA MEDINIPUR              102     3071.93   11946        36.697     2047.95       24.465
  --------------------------------------------------------------------------------------------------------------------------------