          CROP: MUSTARD  (15)                                                   PAGE NO:    21

                              BLOCK WISE YIELD RATE,AREA AND PRODUCTION OF  RABI   CROPS, 2015-16
  --------------------------------------------------------------------------------------------------------------------------------
  D-DT-SD BLK BLOCK NAME              NCCE    DRY YR     AREA       DRY PRODN
                                             (kg/hec)    (hec)    (000 tonnes)
  --------------------------------------------------------------------------------------------------------------------------------
  2 19 1  01 TAMLUK (TAMLUK-I)           0      827.18      55         0.045

  2 19 1  03 PANSKURA-I                 16      914.94      27         0.025

  2 19 1  04 PANSKURA-II                16      681.13      30         0.020

  2 19 1  05 MAYNA                       0      827.18      32         0.026

  2 19 1  06 CHANDIPUR (NANDIGRAM       10      824.73      15         0.012

  2 19 2  09 NANDIGRAM-I                 0      935.39      21         0.020

  2 19 2  10 NANDIGRAM-II               10      942.24      69         0.065

  2 19 3  13 CONTAI-I                    0      843.42      32         0.027

  2 19 3  14 CONTAI-II                   2      641.42       5         0.003

  2 19 3  16 KHEJURI-I                   6      627.47       4         0.003

  2 19 3  17 KHEJURI-II                  0      843.42      93         0.078

  2 19 3  18 BHAGAWANPUR-II              0      843.42      28         0.024

  2 19 3  20 RAMNAGAR-II                 0      843.42      70         0.059

  2 19 4  22 EGRA-II                     3      338.92       1         0.000

  2 19 4  23 PATASHPUR-I                 0      843.42       5         0.004

  2 19 4  25 BHAGAWANPUR-I               0      843.42      31         0.026


  --------------------------------------------------------------------------------------------------------------------------------
    19    PURBA MEDINIPUR               63      846.78     518         0.439
  --------------------------------------------------------------------------------------------------------------------------------