          CROP: AMAN     (05)                                                   PAGE NO:    22

                              BLOCK WISE YIELD RATE,AREA AND PRODUCTION OF  WINTER CROPS, 2015-16
  --------------------------------------------------------------------------------------------------------------------------------
  D-DT-SD BLK BLOCK NAME              NCCE    DRY YR     AREA       DRY PRODN   YR CLRICE   PRODN CLRICE
                                             (kg/hec)    (hec)    (000 tonnes)  (kg/hec)    (000 tonnes)
  --------------------------------------------------------------------------------------------------------------------------------
  2 19 1  01 TAMLUK                     52     1919.40    2669         5.123     1279.60        3.415

  2 19 1  02 SAHID MATANGINI (T-I       40     2354.39    5435        12.796     1569.59        8.531

  2 19 1  03 PANSKURA-I                 60     4196.33   13981        58.669     2797.55       39.113

  2 19 1  04 PANSKURA-II                52     1155.39   10505        12.137      770.26        8.092

  2 19 1  05 MOYNA                      40     1145.61    1863         2.134      763.74        1.423

  2 19 1  06 NANDIGRAM-III              40     2347.89   10147        23.824     1565.26       15.883

  2 19 1  07 NANDAKUMAR (M -I)          48     2125.72   10119        21.510     1417.15       14.340

  2 19 2  08 MOHISADAL                  44     3658.35    9070        33.181     2438.90       22.121

  2 19 2  09 NANDIGRAM-I                40     2841.39   12412        35.267     1894.26       23.512

  2 19 2  10 NANDIGRAM-II               28     2911.16    8189        23.839     1940.77       15.893

  2 19 2  11 SUTAHATA                   24     3425.02    5550        19.009     2283.35       12.673

  2 19 2  12 HALDIA (S -II)             20     3852.21    4464        17.196     2568.14       11.464

  2 19 3  13 CONTAI-I                   36     3594.94   10420        37.459     2396.63       24.973

  2 19 3  14 CONTAI-II                  26     2541.99   13743        34.935     1694.66       23.290

  2 19 3  15 CONTAI-III                 32     3314.77   12372        41.010     2209.85       27.340

  2 19 3  16 KHEJURI-I                  24     4186.42    9983        41.793     2790.95       27.862

  2 19 3  17 KHEJURI-II                 20     4181.43    9613        40.196     2787.62       26.797

  2 19 3  18 BHAGAWANPUR-II             28     3968.63   14448        57.339     2645.75       38.226

  2 19 3  19 RAMNAGAR-I                 36     3117.80    7197        22.439     2078.53       14.959

  2 19 3  20 RAMNAGAR-II                32     2821.76    8855        24.987     1881.17       16.658

  2 19 4  21 EGRA-I                     36     4106.61   16558        67.997     2737.74       45.331

  2 19 4  22 EGRA-II                    32     4193.81   14119        59.212     2795.87       39.475

  2 19 4  23 POTASHPUR-I                36     5031.97   11486        57.797     3354.65       38.531

  2 19 4  24 POTASHPUR-II               28     4939.17   14430        71.272     3292.78       47.515
          CROP: AMAN     (05)                                                   PAGE NO:    23

                              BLOCK WISE YIELD RATE,AREA AND PRODUCTION OF  WINTER CROPS, 2015-16
  --------------------------------------------------------------------------------------------------------------------------------
  D-DT-SD BLK BLOCK NAME              NCCE    DRY YR     AREA       DRY PRODN   YR CLRICE   PRODN CLRICE
                                             (kg/hec)    (hec)    (000 tonnes)  (kg/hec)    (000 tonnes)
  --------------------------------------------------------------------------------------------------------------------------------
  2 19 4  25 BHAGAWANPUR-I              32     3126.71   11549        36.110     2084.47       24.074


  --------------------------------------------------------------------------------------------------------------------------------
    19    PURBA MEDINIPUR              886     3440.26  249177       857.234     2293.51      571.489
  --------------------------------------------------------------------------------------------------------------------------------