          CROP: AMAN     (05)  

                              BLOCK WISE YIELD RATE,AREA AND PRODUCTION OF  WINTER CROPS, 2014-15
  --------------------------------------------------------------------------------------------------------------------------------
  D-DT-SD BLK BLOCK NAME              NCCE    DRY YR     AREA       DRY PRODN   YR CLRICE   PRODN CLRICE
                                             (kg/hec)    (hec)    (000 tonnes)  (kg/hec)    (000 tonnes)
  --------------------------------------------------------------------------------------------------------------------------------
  1 16 1  01 DOMJUR                     24     3279.83    1677         5.500     2186.55        3.667

  1 16 1  02 BALLY-JAGACHHA             12     3800.37       0         0.000     2533.58        0.000

  1 16 1  03 SANKRAIL                   36     3059.64     571         1.747     2039.76        1.165

  1 16 1  04 JAGAT-BALLAVPUR            56     3971.43    9068        36.013     2647.62       24.009

  1 16 1  05 PANCHLA                    44     3451.78    2247         7.756     2301.19        5.171

  1 16 2  06 AMTA-I                     52     4284.43    8246        35.329     2856.29       23.553

  1 16 2  07 AMTA-II                    56     4209.86    9319        39.232     2806.57       26.154

  1 16 2  08 UDAYNARAYANPUR             44     4880.31    7523        36.715     3253.54       24.476

  1 16 2  09 BAGNAN-I                   40     2886.52    4222        12.187     1924.35        8.125

  1 16 2  10 BAGNAN-II                  28     3412.02    4084        13.935     2274.68        9.290

  1 16 2  11 ULUBERIA-I                 36     3261.64    6295        20.532     2174.43       13.688

  1 16 2  12 ULUBERIA-II                28     3256.92    4219        13.741     2171.28        9.161

  1 16 2  13 SHYAMPUR-I                 40     3104.48    8263        25.652     2069.65       17.102

  1 16 2  14 SHYAMPUR-II                32     3115.50    5330        16.606     2077.00       11.070


  --------------------------------------------------------------------------------------------------------------------------------
    16    HOWRAH                       528     3728.25   71064       264.945     2485.50      176.630
  --------------------------------------------------------------------------------------------------------------------------------