          CROP: BORO     (17)                                                   PAGE NO:    17

                              BLOCK WISE YIELD RATE,AREA AND PRODUCTION OF  SUMMER CROPS, 2014-15
  --------------------------------------------------------------------------------------------------------------------------------
  D-DT-SD BLK BLOCK NAME              NCCE    DRY YR     AREA       DRY PRODN   YR CLRICE   PRODN CLRICE
                                             (kg/hec)    (hec)    (000 tonnes)  (kg/hec)    (000 tonnes)
  --------------------------------------------------------------------------------------------------------------------------------
  1 16 1  01 DOMJUR                     24     4861.52    2221        10.797     3241.01        7.198

  1 16 1  03 SANKRAIL                   32     3961.10     285         1.129     2640.73        0.753

  1 16 1  04 JAGAT-BALLAVPUR            56     5454.81    5765        31.447     3636.54       20.965

  1 16 1  05 PANCHLA                    36     4467.93    2059         9.199     2978.62        6.133

  1 16 2  06 AMTA-I                     52     5080.32    5533        28.109     3386.88       18.740

  1 16 2  07 AMTA-II                    48     4368.25    4557        19.906     2912.17       13.271

  1 16 2  08 UDAYNARAYANPUR             44     5318.90     492         2.617     3545.93        1.745

  1 16 2  09 BAGNAN-I                   40     4377.21    3037        13.294     2918.14        8.862

  1 16 2  10 BAGNAN-II                  28     4462.63    1521         6.788     2975.09        4.525

  1 16 2  11 ULUBERIA-I                 36     4195.99    1171         4.914     2797.33        3.276

  1 16 2  12 ULUBERIA-II                28     4452.77    3619        16.115     2968.51       10.743

  1 16 2  13 SHYAMPUR-I                 40     4012.05    7020        28.165     2674.70       18.776

  1 16 2  14 SHYAMPUR-II                32     4976.04    6176        30.732     3317.36       20.488


  --------------------------------------------------------------------------------------------------------------------------------
    16    HOWRAH                       496     4676.25   43456       203.211     3117.50      135.474
  --------------------------------------------------------------------------------------------------------------------------------