          CROP: BORO     (17)                                                   PAGE NO:     3

                              BLOCK WISE YIELD RATE,AREA AND PRODUCTION OF  SUMMER CROPS, 2013-14
  --------------------------------------------------------------------------------------------------------------------------------
  D-DT-SD BLK BLOCK NAME              NCCE    DRY YR     AREA       DRY PRODN   YR CLRICE   PRODN CLRICE
                                             (kg/hec)    (hec)    (000 tonnes)  (kg/hec)    (000 tonnes)
  --------------------------------------------------------------------------------------------------------------------------------
  3 03 1  01 COOCHBEHAR-I               18     5202.66    7585        39.462     3468.44       26.308

  3 03 1  02 COOCHBEHAR-II              17     4456.41    3574        15.927     2970.94       10.618

  3 03 2  03 DINHATA-I                  20     4433.67    9170        40.657     2955.78       27.105

  3 03 2  04 DINHATA-II                 17     5508.27    7295        40.183     3672.18       26.789

  3 03 2  05 SETAI                      18     4722.77    3981        18.801     3148.51       12.534

  3 03 3  06 MATHABHANGA-I              16     5692.23    3630        20.663     3794.82       13.775

  3 03 3  07 MATHABHANGA-II             19     4334.38    5356        23.215     2889.59       15.477

  3 03 3  08 SITALKUCHI                 19     4373.45    5285        23.114     2915.63       15.409

  3 03 4  09 TUFANGANJ-I                19     4802.90    5537        26.594     3201.93       17.729

  3 03 4  10 TUFANGANJ-II               19     4728.87    4270        20.192     3152.58       13.462

  3 03 5  11 MEKHLIGANJ                 16     4908.50     294         1.443     3272.33        0.962

  3 03 5  12 HALDIBARI                  16     5510.75     132         0.727     3673.83        0.485


  --------------------------------------------------------------------------------------------------------------------------------
    03    KOCHBIHAR                    214     4829.50   56109       270.978     3219.67      180.652
  --------------------------------------------------------------------------------------------------------------------------------