          CROP: AUS      (02)                                                   PAGE NO:     3

                              BLOCK WISE YIELD RATE,AREA AND PRODUCTION OF  BHADUI CROPS, 2013-14
  --------------------------------------------------------------------------------------------------------------------------------
  D-DT-SD BLK BLOCK NAME              NCCE    DRY YR     AREA       DRY PRODN   YR CLRICE   PRODN CLRICE
                                             (kg/hec)    (hec)    (000 tonnes)  (kg/hec)    (000 tonnes)
  --------------------------------------------------------------------------------------------------------------------------------
  3 03 1  01 COOCHBEHAR-I               17     1961.78     161         0.316     1307.85        0.211

  3 03 1  02 COOCHBEHAR-II              16     2825.55     410         1.158     1883.70        0.772

  3 03 2  03 DINHATA-I                  17     2032.45     831         1.689     1354.97        1.126

  3 03 2  04 DINHATA-II                 18     2304.85      39         0.090     1536.57        0.060

  3 03 2  05 SETAI                      17     2757.58     782         2.156     1838.39        1.438

  3 03 3  06 MATHABHANGA-I              20     3224.65      43         0.139     2149.77        0.092

  3 03 3  07 MATHABHANGA-II             18     2448.03      72         0.176     1632.02        0.118

  3 03 3  08 SITALKUCHI                 18     2127.20     341         0.725     1418.13        0.484

  3 03 4  09 TUFANGANJ-I                19     2791.65    1140         3.182     1861.10        2.122

  3 03 4  10 TUFANGANJ-II               19     2846.39     268         0.763     1897.59        0.509

  3 03 5  11 MEKHLIGANJ                 18     3186.95      83         0.265     2124.63        0.176

  3 03 5  12 HALDIBARI                  16     3345.92       0         0.000     2230.61        0.000


  --------------------------------------------------------------------------------------------------------------------------------
    03    KOCHBIHAR                    213     2556.29    4170        10.660     1704.19        7.106
  --------------------------------------------------------------------------------------------------------------------------------