          CROP: AMAN     (05)                                                   PAGE NO:     3

                              BLOCK WISE YIELD RATE,AREA AND PRODUCTION OF  WINTER CROPS, 2013-14
  --------------------------------------------------------------------------------------------------------------------------------
  D-DT-SD BLK BLOCK NAME              NCCE    DRY YR     AREA       DRY PRODN   YR CLRICE   PRODN CLRICE
                                             (kg/hec)    (hec)    (000 tonnes)  (kg/hec)    (000 tonnes)
  --------------------------------------------------------------------------------------------------------------------------------
  3 03 1  01 COOCHBEHAR-I               16     3145.41    1652         5.196     2096.94        3.464

  3 03 1  02 COOCHBEHAR-II              16     4283.46   43102       184.626     2855.64      123.084

  3 03 2  03 DINHATA-I                  16     3378.32   20156        68.093     2252.21       45.396

  3 03 2  04 DINHATA-II                 16     3661.87   18715        68.532     2441.25       45.688

  3 03 2  05 SETAI                      16     2687.58     948         2.548     1791.72        1.699

  3 03 3  06 MATHABHANGA-I              16     3938.57   40571       159.792     2625.71      106.528

  3 03 3  07 MATHABHANGA-II             16     3146.39    2266         7.130     2097.59        4.753

  3 03 3  08 SITALKUCHI                 16     3284.54   11223        36.862     2189.69       24.575

  3 03 4  09 TUFANGANJ-I                16     2696.06    1620         4.368     1797.37        2.912

  3 03 4  10 TUFANGANJ-II               16     3393.82   15015        50.958     2262.55       33.972

  3 03 5  11 MEKHLIGANJ                 16     3368.09   17473        58.851     2245.39       39.234

  3 03 5  12 HALDIBARI                  16     4072.60   40114       163.368     2715.07      108.912


  --------------------------------------------------------------------------------------------------------------------------------
    03    KOCHBIHAR                    192     3806.93  212855       810.324     2537.95      540.216
  --------------------------------------------------------------------------------------------------------------------------------