          CROP: BORO     (17)                                                   PAGE NO:    18

                              BLOCK WISE YIELD RATE,AREA AND PRODUCTION OF  SUMMER CROPS, 2014-15
  --------------------------------------------------------------------------------------------------------------------------------
  D-DT-SD BLK BLOCK NAME              NCCE    DRY YR     AREA       DRY PRODN   YR CLRICE   PRODN CLRICE
                                             (kg/hec)    (hec)    (000 tonnes)  (kg/hec)    (000 tonnes)
  --------------------------------------------------------------------------------------------------------------------------------
  1 18 1  02 BISHNUPUR-I                38     5199.97    7158        37.221     3466.65       24.814

  1 18 1  03 BISHNUPUR-II               44     5512.26    1458         8.037     3674.84        5.358

  1 18 1  04 BUDGE-BUDGE-I              20     4723.01    1862         8.794     3148.67        5.863

  1 18 1  05 BUDGE-BUDGE-II             44     4839.76    2501        12.104     3226.51        8.069

  1 18 1  06 THAKURPUKUR-MAHESHTA        0     5126.55     247         1.266     3417.70        0.844

  1 18 2  07 SONARPUR                   16     5346.56       1         0.005     3564.37        0.004

  1 18 2  08 JAYNAGAR-I                  0     4949.80     828         4.098     3299.87        2.732

  1 18 2  09 JAYNAGAR-II                 0     4949.80    1614         7.989     3299.87        5.326

  1 18 2  10 KULTALI                    36     5446.60     643         3.502     3631.07        2.335

  1 18 2  11 BARUIPUR                   76     4843.98    5575        27.005     3229.32       18.003

  1 18 2  12 BHANGORE-I                 36     4955.44    2300        11.398     3303.63        7.598

  1 18 2  13 BHANGORE-II                40     5059.74    4855        24.565     3373.16       16.377

  1 18 3  14 CANNING-I                  40     5564.94    3514        19.555     3709.96       13.037

  1 18 3  15 CANNING-II                 36     3939.85    3566        14.050     2626.57        9.366

  1 18 3  16 BASANTI                    52     4781.88    2098        10.032     3187.92        6.688

  1 18 3  17 GOSABA                     56     4689.04     881         4.131     3126.03        2.754

  1 18 4  18 MOGRAHAT-I                 20     4537.29    4855        22.029     3024.86       14.686

  1 18 4  19 MOGRAHAT-II                56     5422.81    7225        39.180     3615.21       26.120

  1 18 4  20 MANDIRBAZAR                40     5518.01    1412         7.791     3678.67        5.194

  1 18 4  21 KULPI                      56     3881.36     979         3.800     2587.57        2.533

  1 18 4  22 FALTA                      52     4749.12    3617        17.178     3166.08       11.452

  1 18 4  23 DIAMOND HARBOUR-I          20     5321.51    1887        10.042     3547.67        6.694

  1 18 4  24 DIAMOND HARBOUR-II         20     3758.75     131         0.492     2505.83        0.328

  1 18 4  25 MATHURAPUR-I               40     5732.62    1714         9.826     3821.75        6.550
          CROP: BORO     (17)                                                   PAGE NO:    19

                              BLOCK WISE YIELD RATE,AREA AND PRODUCTION OF  SUMMER CROPS, 2014-15
  --------------------------------------------------------------------------------------------------------------------------------
  D-DT-SD BLK BLOCK NAME              NCCE    DRY YR     AREA       DRY PRODN   YR CLRICE   PRODN CLRICE
                                             (kg/hec)    (hec)    (000 tonnes)  (kg/hec)    (000 tonnes)
  --------------------------------------------------------------------------------------------------------------------------------
  1 18 4  26 MATHURAPUR-II               0     5055.17     893         4.514     3370.11        3.010

  1 18 5  27 KAKDWIP                    20     4272.48      10         0.043     2848.32        0.028

  1 18 5  28 NAMKHANA                   16     5086.60     270         1.373     3391.07        0.916

  1 18 5  29 SAGAR                       0     5407.41      75         0.406     3604.94        0.270

  1 18 5  30 PATHARPRATIMA              16     5494.87    1223         6.720     3663.25        4.480


  --------------------------------------------------------------------------------------------------------------------------------
    18    S.24-PARGANAS                890     5002.95   63392       317.147     3335.30      211.431
  --------------------------------------------------------------------------------------------------------------------------------