          CROP: AMAN     (05) 

                              BLOCK WISE YIELD RATE,AREA AND PRODUCTION OF  WINTER CROPS, 2014-15
  --------------------------------------------------------------------------------------------------------------------------------
  D-DT-SD BLK BLOCK NAME              NCCE    DRY YR     AREA       DRY PRODN   YR CLRICE   PRODN CLRICE
                                             (kg/hec)    (hec)    (000 tonnes)  (kg/hec)    (000 tonnes)
  --------------------------------------------------------------------------------------------------------------------------------
  1 18 1  01                             0     3362.32     521         1.752     2241.55        1.168

  1 18 1  02 BISHNUPUR-I                16     2823.88    3021         8.531     1882.59        5.687

  1 18 1  03 BISHNUPUR-II               28     3217.91    2958         9.519     2145.27        6.346

  1 18 1  04 BUDGE-BUDGE-I              20     3914.62    1855         7.262     2609.75        4.841

  1 18 1  05 BUDGE-BUDGE-II             44     3568.07    4310        15.378     2378.71       10.252

  1 18 1  06 THAKURPUKUR-MAHESHTA        0     3362.32     606         2.038     2241.55        1.358

  1 18 2  07 SONARPUR                   40     4232.08    5959        25.219     2821.39       16.813

  1 18 2  08 JAYNAGAR-I                 48     3773.75    5320        20.076     2515.83       13.384

  1 18 2  09 JAYNAGAR-II                20     3013.22   14310        43.119     2008.81       28.746

  1 18 2  10 KULTALI                    36     3136.73   16197        50.806     2091.15       33.870

  1 18 2  11 BARUIPUR                   76     4138.48   10974        45.416     2758.99       30.277

  1 18 2  12 BHANGORE-I                 36     4335.68    6774        29.370     2890.45       19.580

  1 18 2  13 BHANGORE-II                40     5106.97    6545        33.425     3404.65       22.283

  1 18 3  14 CANNING-I                  40     3218.31   16117        51.870     2145.54       34.580

  1 18 3  15 CANNING-II                 36     3595.21   14699        52.846     2396.81       35.231

  1 18 3  16 BASANTI                    20     4547.00   25803       117.326     3031.33       78.217

  1 18 3  17 GOSABA                     56     3579.58   27657        99.000     2386.39       66.000

  1 18 4  18 MOGRAHAT-I                 44     3283.45    7960        26.136     2188.97       17.424

  1 18 4  19 MOGRAHAT-II                56     2895.49    7331        21.227     1930.33       14.151

  1 18 4  20 MANDIRBAZAR                40     3352.68   10671        35.776     2235.12       23.851

  1 18 4  21 KULPI                      56     3936.78   14884        58.595     2624.52       39.063

  1 18 4  22 FALTA                      52     3629.44    9897        35.921     2419.63       23.947

  1 18 4  23 DIAMOND HARBOUR-I          32     3653.38    4741        17.321     2435.59       11.547

  1 18 4  24 DIAMOND HARBOUR-II         32     2959.89    7067        20.918     1973.26       13.945

  1 18 4  25 MATHURAPUR-I               32     3994.38   11926        47.637     2662.92       31.758

  1 18 4  26 MATHURAPUR-II               0     3544.08   11026        39.077     2362.72       26.051

  1 18 5  27 KAKDWIP                    44     3408.23   18632        63.502     2272.15       42.335

  1 18 5  28 NAMKHANA                   28     4370.71   14675        64.140     2913.81       42.760

  1 18 5  29 SAGAR                      36     3694.67   11959        44.185     2463.11       29.456

  1 18 5  30 PATHARPRATIMA              60     3357.09   31106       104.426     2238.06       69.617

  --------------------------------------------------------------------------------------------------------------------------------
    18    S.24-PARGANAS               1068     3661.47  325501      1191.812     2440.98      794.541
  --------------------------------------------------------------------------------------------------------------------------------
