          CROP: KHESARI  (12)                                                   PAGE NO:    18

                              BLOCK WISE YIELD RATE,AREA AND PRODUCTION OF  RABI   CROPS, 2014-15
  --------------------------------------------------------------------------------------------------------------------------------
  D-DT-SD BLK BLOCK NAME              NCCE    DRY YR     AREA       DRY PRODN
                                             (kg/hec)    (hec)    (000 tonnes)
  --------------------------------------------------------------------------------------------------------------------------------
  1 18 1  03 BISHNUPUR-II                0     1150.10       6         0.007

  1 18 1  05 BUDGE-BUDGE-II              0     1150.10      17         0.020

  1 18 1  06 MAHESHTALA                  0     1150.10       5         0.006

  1 18 2  07 SONARPUR                    0     1150.10      10         0.012

  1 18 2  08 JAYNAGAR-I                  0     1150.10     172         0.198

  1 18 2  09 JAYNAGAR-II                 0     1150.10      59         0.068

  1 18 2  10 KULTALI                     0     1150.10     311         0.358

  1 18 2  11 BARUIPUR                    0     1150.10     142         0.163

  1 18 2  12 BHANGORE-I                  0     1150.10     272         0.313

  1 18 2  13 BHANGORE-II                 0     1150.10      40         0.046

  1 18 3  14 CANNING-I                   0     1150.10      93         0.107

  1 18 3  15 CANNING-II                  0     1150.10     143         0.164

  1 18 3  16 BASANTI                     0     1150.10       9         0.010

  1 18 3  17 GOSABA                      0     1150.10      75         0.086

  1 18 4  18 MAGRAHAT-I                 18     1105.81     276         0.305

  1 18 4  19 MAGRAHAT-II                 0     1510.30      53         0.080

  1 18 4  20 MANDIRBAZAR                 0     1510.30     696         1.051

  1 18 4  21 KULPI                       0     1510.30     192         0.290

  1 18 4  22 FALTA                       0     1510.30     224         0.338

  1 18 4  23 DIAMOND HARBOUR-I          18     1352.37     196         0.265

  1 18 4  24 DIAMOND HARBOUR-II         17     1766.85     606         1.071

  1 18 4  25 MATHURAPUR-I                0     1510.30     307         0.464

  1 18 4  26 MATHURAPUR-II               0     1510.30     167         0.252

  1 18 5  27 KAKDWIP                    16      796.55    1083         0.863
          CROP: KHESARI  (12)                                                   PAGE NO:    19

                              BLOCK WISE YIELD RATE,AREA AND PRODUCTION OF  RABI   CROPS, 2014-15
  --------------------------------------------------------------------------------------------------------------------------------
  D-DT-SD BLK BLOCK NAME              NCCE    DRY YR     AREA       DRY PRODN
                                             (kg/hec)    (hec)    (000 tonnes)
  --------------------------------------------------------------------------------------------------------------------------------
  1 18 5  28 NAMKHANA                    0      791.55     437         0.346

  1 18 5  29 SAGAR                       0      791.55     177         0.140

  1 18 5  30 PATHARPRATIMA               0      791.55     934         0.739


  --------------------------------------------------------------------------------------------------------------------------------
    18    S.24-PARGANAS                 69     1158.10    6702         7.762
  --------------------------------------------------------------------------------------------------------------------------------