          CROP: MUSTARD  (15)                                                   PAGE NO:    20

                              BLOCK WISE YIELD RATE,AREA AND PRODUCTION OF  RABI   CROPS, 2014-15
  --------------------------------------------------------------------------------------------------------------------------------
  D-DT-SD BLK BLOCK NAME              NCCE    DRY YR     AREA       DRY PRODN
                                             (kg/hec)    (hec)    (000 tonnes)
  --------------------------------------------------------------------------------------------------------------------------------
  1 18 2  07 SONARPUR                   11      852.99       1         0.001

  1 18 2  08 JAYNAGAR-I                  0     1389.03    1668         2.317

  1 18 2  10 KULTALI                     0     1389.03     275         0.382

  1 18 2  12 BHANGORE-I                 18     1309.18    1052         1.377

  1 18 2  13 BHANGORE-II                16     1232.97    2284         2.816

  1 18 3  15 CANNING-II                  0     1330.37     116         0.154

  1 18 3  17 GOSABA                      0     1330.37      38         0.051

  1 18 4  18 MAGRAHAT-I                  4      948.09       1         0.001

  1 18 4  19 MAGRAHAT-II                 0      951.93      25         0.024

  1 18 4  20 MANDIRBAZAR                 0      951.93      20         0.019

  1 18 4  21 KULPI                       0      951.93      78         0.074

  1 18 4  23 DIAMOND HARBOUR-I           0      951.93      35         0.033

  1 18 4  26 MATHURAPUR-II              16      992.28     268         0.266

  1 18 5  28 NAMKHANA                    0      757.64     162         0.123

  1 18 5  29 SAGAR                      18     1081.98     164         0.177


  --------------------------------------------------------------------------------------------------------------------------------
    18    S.24-PARGANAS                 83     1263.20    6187         7.815
  --------------------------------------------------------------------------------------------------------------------------------