          CROP: MUSUR    (09)                                                   PAGE NO:    19

                              BLOCK WISE YIELD RATE,AREA AND PRODUCTION OF  RABI   CROPS, 2014-15
  --------------------------------------------------------------------------------------------------------------------------------
  D-DT-SD BLK BLOCK NAME              NCCE    DRY YR     AREA       DRY PRODN
                                             (kg/hec)    (hec)    (000 tonnes)
  --------------------------------------------------------------------------------------------------------------------------------
  1 18 2  07 SONARPUR                    3      752.79       1         0.001

  1 18 2  08 JAYNAGAR-I                  0      767.71      32         0.025

  1 18 2  11 BARUIPUR                    0      767.71       2         0.002

  1 18 2  12 BHANGORE-I                 17     1015.98     135         0.137

  1 18 2  13 BHANGORE-II                10      645.74     304         0.196

  1 18 3  14 CANNING-I                   0      687.81       9         0.006

  1 18 3  16 BASANTI                     0      687.81      27         0.019

  1 18 4  18 MAGRAHAT-I                 18      453.08       9         0.004

  1 18 4  19 MAGRAHAT-II                11      485.67     172         0.084

  1 18 4  20 MANDIRBAZAR                 0      508.31      40         0.020

  1 18 4  22 FALTA                       0      508.31      15         0.008

  1 18 4  23 DIAMOND HARBOUR-I          18      557.73      86         0.048

  1 18 4  24 DIAMOND HARBOUR-II          7     1032.15       4         0.004

  1 18 4  25 MATHURAPUR-I                0      508.31       2         0.001

  1 18 4  26 MATHURAPUR-II               0      508.31     363         0.185

  1 18 5  27 KAKDWIP                    12      852.57      81         0.069

  1 18 5  28 NAMKHANA                    0      854.42       8         0.007

  1 18 5  30 PATHARPRATIMA               0      854.42       5         0.004


  --------------------------------------------------------------------------------------------------------------------------------
    18    S.24-PARGANAS                 96      632.00    1295         0.818
  --------------------------------------------------------------------------------------------------------------------------------