          CROP: MUSTARD  (15)                                                   PAGE NO:    15

                              BLOCK WISE YIELD RATE,AREA AND PRODUCTION OF  RABI   CROPS, 2013-14
  --------------------------------------------------------------------------------------------------------------------------------
  D-DT-SD BLK BLOCK NAME              NCCE    DRY YR     AREA       DRY PRODN
                                             (kg/hec)    (hec)    (000 tonnes)
  --------------------------------------------------------------------------------------------------------------------------------
  2 13 1  01 BANKURA-I                  16      798.86      24         0.019

  2 13 1  02 BANKURA-II                 17      574.03     334         0.192

  2 13 1  03 ONDA                       16     1030.86    1322         1.363

  2 13 1  04 CHHATNA                    17      805.40      25         0.020

  2 13 1  05 GANGAJALGHATI              19      917.65    1500         1.376

  2 13 1  06 BARJORA                    16      372.29      95         0.035

  2 13 1  07 MEJIA                      16      639.36      27         0.017

  2 13 1  08 SALTORA                    12      472.85       2         0.001

  2 13 2  09 RAIPUR (RAIPUR-I)          16      490.66     115         0.056

  2 13 2  10 SARENGA (RAIPUR-II)        16      772.55     835         0.645

  2 13 2  11 KHATRA (KHATRA-I)          16      658.69     316         0.208

  2 13 2  12 HIRBANDH (KHATRA-II)       16      844.58     322         0.272

  2 13 2  13 INDPUR                     16      445.65     228         0.102

  2 13 2  14 RANIBANDH                  16      926.28     444         0.411

  2 13 2  15 SIMLAPAL                   18      704.32     588         0.414

  2 13 2  16 TALDANGRA                  17      545.07     551         0.300

  2 13 3  17 BISHNUPUR                  16      713.45     744         0.531

  2 13 3  18 JOYPUR                     18      801.50     322         0.258

  2 13 3  19 KOTALPUR                   17      779.31     575         0.448

  2 13 3  20 SONAMUKHI                  16      576.59     736         0.424

  2 13 3  21 PATRASAYAR                 18      686.65     893         0.613

  2 13 3  22 INDAS                      16      815.21    1265         1.031


  --------------------------------------------------------------------------------------------------------------------------------
    13    BANKURA                      361      775.87   11263         8.739
  --------------------------------------------------------------------------------------------------------------------------------