          CROP: MUSUR    (09)                                                   PAGE NO:    15

                              BLOCK WISE YIELD RATE,AREA AND PRODUCTION OF  RABI   CROPS, 2013-14
  --------------------------------------------------------------------------------------------------------------------------------
  D-DT-SD BLK BLOCK NAME              NCCE    DRY YR     AREA       DRY PRODN
                                             (kg/hec)    (hec)    (000 tonnes)
  --------------------------------------------------------------------------------------------------------------------------------
  2 13 1  01 BANKURA-I                   5      749.36       3         0.002

  2 13 1  02 BANKURA-II                 10      547.43       5         0.003

  2 13 1  03 ONDA                        7     1081.81       6         0.006

  2 13 1  05 GANGAJALGHATI              19     1091.07       8         0.009

  2 13 1  06 BARJORA                    16      470.25       5         0.002

  2 13 1  07 MEJIA                      16      576.77       9         0.005

  2 13 1  08 SALTORA                     2      714.85       1         0.001

  2 13 2  09 RAIPUR (RAIPUR-I)          11      282.27      10         0.003

  2 13 2  10 SARENGA (RAIPUR-II)        19     1373.41       5         0.007

  2 13 2  11 KHATRA (KHATRA-I)          10      388.39       4         0.002

  2 13 2  12 HIRBANDH (KHATRA-II)        2      534.23       2         0.001

  2 13 2  13 INDPUR                      4      491.78      10         0.005

  2 13 2  16 TALDANGRA                   4      553.21       5         0.003

  2 13 3  17 BISHNUPUR                  12     1360.22       9         0.012

  2 13 3  19 KOTALPUR                   14     1260.39       7         0.009

  2 13 3  20 SONAMUKHI                  16     1088.08       1         0.001

  2 13 3  21 PATRASAYAR                 18      767.34       9         0.007

  2 13 3  22 INDAS                      16     1431.29      12         0.017


  --------------------------------------------------------------------------------------------------------------------------------
    13    BANKURA                      201      853.08     111         0.095
  --------------------------------------------------------------------------------------------------------------------------------