          CROP: AUS      (02)                                                   PAGE NO:    13

                              BLOCK WISE YIELD RATE,AREA AND PRODUCTION OF  BHADUI CROPS, 2013-14
  --------------------------------------------------------------------------------------------------------------------------------
  D-DT-SD BLK BLOCK NAME              NCCE    DRY YR     AREA       DRY PRODN   YR CLRICE   PRODN CLRICE
                                             (kg/hec)    (hec)    (000 tonnes)  (kg/hec)    (000 tonnes)
  --------------------------------------------------------------------------------------------------------------------------------
  2 13 1  01 BANKURA-I                  16     3081.28      15         0.046     2054.19        0.031

  2 13 1  02 BANKURA-II                 16     3613.73       0         0.000     2409.15        0.000

  2 13 1  03 ONDA                       16     4357.88    2246         9.788     2905.25        6.525

  2 13 1  04 CHHATNA                     1     3694.33       0         0.000     2462.89        0.000

  2 13 1  05 GANGAJALGHATI               3     4314.10       0         0.000     2876.07        0.000

  2 13 1  06 BARJORA                    16     4266.83     300         1.280     2844.55        0.853

  2 13 1  07 MEJIA                       7     3820.88       0         0.000     2547.25        0.000

  2 13 2  09 RAIPUR-I                   16     4062.10      31         0.126     2708.07        0.084

  2 13 2  10 RAIPUR-II                  13     3407.83       0         0.000     2271.89        0.000

  2 13 2  11 KHATRA-I                   16     3017.26       0         0.000     2011.51        0.000

  2 13 2  12 KHATRA-II                  17     3288.04       0         0.000     2192.03        0.000

  2 13 2  13 INDPUR                     16     2716.85       0         0.000     1811.23        0.000

  2 13 2  14 RANIBANDH                  16     2221.94      74         0.164     1481.29        0.110

  2 13 2  15 SIMLAPAL                   16     4171.70      65         0.271     2781.13        0.181

  2 13 2  16 TALDANGRA                  16     3454.72    1921         6.637     2303.15        4.424

  2 13 3  17 BISHNUPUR                  17     2272.48     236         0.536     1514.99        0.358

  2 13 3  18 JOYPUR                     16     3899.19    2699        10.524     2599.46        7.016

  2 13 3  19 KOTALPUR                   17     3950.09    6424        25.375     2633.39       16.917

  2 13 3  20 SONAMUKHI                  16     3321.96     662         2.199     2214.64        1.466

  2 13 3  21 PATRASAYAR                 18     3743.74    3191        11.946     2495.83        7.964

  2 13 3  22 INDUS                      16     3545.40    1853         6.570     2363.60        4.380


  --------------------------------------------------------------------------------------------------------------------------------
    13    BANKURA                      301     3827.29   19717        75.463     2551.53       50.308
  --------------------------------------------------------------------------------------------------------------------------------