          CROP: WHEAT    (06)                                                   PAGE NO:    14

                              BLOCK WISE YIELD RATE,AREA AND PRODUCTION OF  RABI   CROPS, 2013-14
  --------------------------------------------------------------------------------------------------------------------------------
  D-DT-SD BLK BLOCK NAME              NCCE    DRY YR     AREA       DRY PRODN
                                             (kg/hec)    (hec)    (000 tonnes)
  --------------------------------------------------------------------------------------------------------------------------------
  2 13 1  01 BANKURA-I                   8     2335.19       6         0.014

  2 13 1  02 BANKURA-II                 16     2572.68      72         0.185

  2 13 1  03 ONDA                       16     2961.96     327         0.969

  2 13 1  05 GANGAJALGHATI              10     2418.14       5         0.012

  2 13 1  06 BARJORA                    16     1771.63     195         0.345

  2 13 1  07 MEJIA                       9     2043.76       6         0.012

  2 13 1  08 SALTORA                     3     2460.94      10         0.025

  2 13 2  09 RAIPUR (RAIPUR-I)          16     1409.66     666         0.939

  2 13 2  10 SARENGA (RAIPUR-II)        16     2170.92     142         0.308

  2 13 2  11 KHATRA (KHATRA-I)          16     2367.44      51         0.121

  2 13 2  12 HIRBANDH (KHATRA-II)       16     2146.53      50         0.107

  2 13 2  13 INDPUR                     16     2221.24     128         0.284

  2 13 2  14 RANIBANDH                   4     1734.35       9         0.016

  2 13 2  15 SIMLAPAL                   16     2260.97     105         0.237

  2 13 2  16 TALDANGRA                  16     1668.71     329         0.549

  2 13 3  17 BISHNUPUR                  16     2137.75      14         0.030

  2 13 3  18 JOYPUR                     16     2324.05     450         1.046

  2 13 3  19 KOTALPUR                    6     2348.70     104         0.244

  2 13 3  20 SONAMUKHI                  16     1895.92     404         0.766

  2 13 3  21 PATRASAYAR                 16     1927.17     152         0.293

  2 13 3  22 INDAS                       5     1921.38     235         0.452


  --------------------------------------------------------------------------------------------------------------------------------
    13    BANKURA                      269     2009.87    3460         6.954
  --------------------------------------------------------------------------------------------------------------------------------