          CROP: AMAN     (05)                                                   PAGE NO:    15

                              BLOCK WISE YIELD RATE,AREA AND PRODUCTION OF  WINTER CROPS, 2013-14
  --------------------------------------------------------------------------------------------------------------------------------
  D-DT-SD BLK BLOCK NAME              NCCE    DRY YR     AREA       DRY PRODN   YR CLRICE   PRODN CLRICE
                                             (kg/hec)    (hec)    (000 tonnes)  (kg/hec)    (000 tonnes)
  --------------------------------------------------------------------------------------------------------------------------------
  2 13 1  01 BANKURA-I                  16     4123.21    9255        38.160     2748.81       25.440

  2 13 1  02 BANKURA-II                 16     4439.72   32270       143.270     2959.81       95.513

  2 13 1  03 ONDA                       16     3994.70   19947        79.682     2663.13       53.122

  2 13 1  04 CHHATNA                    16     3796.87    2756        10.464     2531.25        6.976

  2 13 1  05 GANGAJALGHATI              16     4111.63    2109         8.671     2741.09        5.781

  2 13 1  06 BARJORA                    16     4026.93   16611        66.891     2684.62       44.594

  2 13 1  07 MEJIA                      16     3126.60    1371         4.287     2084.40        2.858

  2 13 1  08 SALTORA                    16     2819.68    2006         5.656     1879.79        3.771

  2 13 2  09 RAIPUR-I                   16     4070.41   16373        66.645     2713.61       44.430

  2 13 2  10 RAIPUR-II                  16     4220.85   36541       154.234     2813.90      102.823

  2 13 2  11 KHATRA-I                   16     3703.69    9222        34.155     2469.13       22.770

  2 13 2  12 KHATRA-II                  16     3694.88    7829        28.927     2463.25       19.285

  2 13 2  13 INDPUR                     16     3326.97    1611         5.360     2217.98        3.573

  2 13 2  14 RANIBANDH                  16     3853.79   17982        69.299     2569.19       46.199

  2 13 2  15 SIMLAPAL                   16     4365.47   34047       148.631     2910.31       99.087

  2 13 2  16 TALDANGRA                  16     3456.44    1922         6.643     2304.29        4.429

  2 13 3  17 BISHNUPUR                  16     4181.56   37032       154.852     2787.71      103.234

  2 13 3  18 JOYPUR                     16     4080.57   10990        44.845     2720.38       29.897

  2 13 3  19 KOTALPUR                   16     4293.20   37750       162.068     2862.13      108.046

  2 13 3  20 SONAMUKHI                  16     3969.63   17209        68.313     2646.42       45.542

  2 13 3  21 PATRASAYAR                 16     3619.27    1405         5.085     2412.85        3.390

  2 13 3  22 INDUS                      16     3395.26    1646         5.589     2263.51        3.726


  --------------------------------------------------------------------------------------------------------------------------------
    13    BANKURA                      352     4126.44  317884      1311.729     2750.96      874.486
  --------------------------------------------------------------------------------------------------------------------------------