          CROP: BORO     (17)                                                   PAGE NO:    15

                              BLOCK WISE YIELD RATE,AREA AND PRODUCTION OF  SUMMER CROPS, 2013-14
  --------------------------------------------------------------------------------------------------------------------------------
  D-DT-SD BLK BLOCK NAME              NCCE    DRY YR     AREA       DRY PRODN   YR CLRICE   PRODN CLRICE
                                             (kg/hec)    (hec)    (000 tonnes)  (kg/hec)    (000 tonnes)
  --------------------------------------------------------------------------------------------------------------------------------
  2 13 1  01 BANKURA-I                   7     4415.45       4         0.018     2943.63        0.012

  2 13 1  02 BANKURA-II                 18     4802.33      19         0.091     3201.55        0.061

  2 13 1  03 ONDA                       16     4600.15    5020        23.093     3066.77       15.395

  2 13 1  04 CHHATNA                     2     4464.24       0         0.000     2976.16        0.000

  2 13 1  05 GANGAJALGHATI              16     4964.57       0         0.000     3309.71        0.000

  2 13 1  06 BARJORA                    16     5094.93     122         0.622     3396.62        0.414

  2 13 1  07 MEJIA                       6     4052.98       0         0.000     2701.99        0.000

  2 13 2  09 RAIPUR-I                   16     3472.59     363         1.261     2315.06        0.840

  2 13 2  10 RAIPUR-II                  16     3712.70       0         0.000     2475.13        0.000

  2 13 2  11 KHATRA-I                   16     3934.70     973         3.828     2623.13        2.552

  2 13 2  12 KHATRA-II                  16     3959.21       0         0.000     2639.47        0.000

  2 13 2  13 INDPUR                      9     3555.43       0         0.000     2370.29        0.000

  2 13 2  14 RANIBANDH                  16     2164.10       0         0.000     1442.73        0.000

  2 13 2  15 SIMLAPAL                   16     3983.05    1239         4.935     2655.37        3.290

  2 13 2  16 TALDANGRA                  16     4394.35     503         2.210     2929.57        1.474

  2 13 3  17 BISHNUPUR                  16     4563.55     561         2.560     3042.37        1.707

  2 13 3  18 JOYPUR                     16     3963.37    5569        22.072     2642.25       14.715

  2 13 3  19 KOTALPUR                   17     5463.20    5147        28.119     3642.13       18.746

  2 13 3  20 SONAMUKHI                  18     4296.74   11216        48.192     2864.49       32.128

  2 13 3  21 PATRASAYAR                 18     5212.99    4851        25.288     3475.33       16.859

  2 13 3  22 INDUS                      16     4195.91    4422        18.554     2797.27       12.370


  --------------------------------------------------------------------------------------------------------------------------------
    13    BANKURA                      303     4520.07   40009       180.844     3013.38      120.562
  --------------------------------------------------------------------------------------------------------------------------------