          CROP: TIL      (18)                                                   PAGE NO:    15

                              BLOCK WISE YIELD RATE,AREA AND PRODUCTION OF  SUMMER CROPS, 2013-14
  --------------------------------------------------------------------------------------------------------------------------------
  D-DT-SD BLK BLOCK NAME              NCCE    DRY YR     AREA       DRY PRODN
                                             (kg/hec)    (hec)    (000 tonnes)
  --------------------------------------------------------------------------------------------------------------------------------
  2 13 1  01 BANKURA-I                  16      778.24       0         0.000

  2 13 1  02 BANKURA-II                 17      663.37      48         0.032

  2 13 1  03 ONDA                       16      941.84    2453         2.310

  2 13 1  04 CHHATNA                    17      881.43       0         0.000

  2 13 1  05 GANGAJALGHATI              16      549.77       0         0.000

  2 13 1  06 BARJORA                    18      782.63     246         0.193

  2 13 1  07 MEJIA                      19     1151.95       0         0.000

  2 13 1  08 SALTORA                     2      996.40     168         0.167

  2 13 2  09 RAIPUR-I                   17      502.13    2202         1.106

  2 13 2  10 RAIPUR-II                  17      668.05     287         0.192

  2 13 2  11 KHATRA-I                   16      873.03      53         0.046

  2 13 2  12 KHATRA-II                  16      600.68     144         0.086

  2 13 2  13 INDPUR                     16      556.89      98         0.055

  2 13 2  14 RANIBANDH                  16     1443.68       0         0.000

  2 13 2  15 SIMLAPAL                   18      871.36     971         0.846

  2 13 2  16 TALDANGRA                  16      609.08    1415         0.862

  2 13 3  17 BISHNUPUR                  16      751.30      19         0.014

  2 13 3  18 JOYPUR                     16      793.43    2636         2.091

  2 13 3  19 KOTALPUR                   17      930.15    4744         4.413

  2 13 3  20 SONAMUKHI                  17      600.32     347         0.208

  2 13 3  21 PATRASAYAR                 18      750.58    1246         0.935

  2 13 3  22 INDUS                      16      782.44    1165         0.912


  --------------------------------------------------------------------------------------------------------------------------------
    13    BANKURA                      353      793.13   18242        14.468
  --------------------------------------------------------------------------------------------------------------------------------