        CROP: AMAN     (05)                                                   PAGE NO:     9

                              BLOCK WISE YIELD RATE,AREA AND PRODUCTION OF  WINTER CROPS, 2015-16
  --------------------------------------------------------------------------------------------------------------------------------
  D-DT-SD BLK BLOCK NAME              NCCE    DRY YR     AREA       DRY PRODN   YR CLRICE   PRODN CLRICE
                                             (kg/hec)    (hec)    (000 tonnes)  (kg/hec)    (000 tonnes)
  --------------------------------------------------------------------------------------------------------------------------------
  2 08 1  01 SURI-I                     20     4681.01    8068        37.766     3120.67       25.178

  2 08 1  02 SURI-II                    24     4972.22    9799        48.723     3314.81       32.482

  2 08 1  03 DUBRAJPUR                   0     4510.49   22564       101.775     3006.99       67.850

  2 08 1  04 MD. BAZAR                  20     4731.18   19063        90.190     3154.12       60.127

  2 08 1  05 RAJNAGAR                   20     3931.00   13125        51.594     2620.67       34.396

  2 08 1  06 KHOYRASOLE                  0     4510.49   19992        90.174     3006.99       60.116

  2 08 1  07 SAINTHIA                   20     4416.16   22933       101.276     2944.11       67.517

  2 08 2  08 BOLEPUR-SRINIKETAN         20     5874.61   24671       144.933     3916.41       96.622

  2 08 2  09 ILLAMBAZAR                  0     5233.40   18079        94.615     3488.93       63.076

  2 08 2  10 LABHPUR                    20     4674.56   21209        99.143     3116.37       66.095

  2 08 2  11 NANOOR                      0     5233.40   26783       140.166     3488.93       93.444

  2 08 3  12 RAMPURHAT-I                20     5446.81   19069       103.865     3631.21       69.243

  2 08 3  13 RAMPURHAT-II               20     5449.03   15258        83.141     3632.69       55.428

  2 08 3  14 MAYURESWAR-I                0     5280.58   17157        90.599     3520.39       60.399

  2 08 3  15 MAYURESWAR-II              20     4085.98   10244        41.857     2723.99       27.905

  2 08 3  16 NALHATI-I                   0     5280.58   19022       100.447     3520.39       66.965

  2 08 3  17 NALHATI-II                 24     5979.64    8119        48.549     3986.43       32.366

  2 08 3  18 MURARAI-I                   0     5280.58   14089        74.398     3520.39       49.599

  2 08 3  19 MURARAI-II                 20     5162.98   14770        76.257     3441.99       50.838


  --------------------------------------------------------------------------------------------------------------------------------
    08    BIRBHUM                      248     4998.14  324014      1619.468     3332.09     1079.645
  --------------------------------------------------------------------------------------------------------------------------------