          CROP: KHESARI  (12)                                                   PAGE NO:     8

                              BLOCK WISE YIELD RATE,AREA AND PRODUCTION OF  RABI   CROPS, 2015-16
  --------------------------------------------------------------------------------------------------------------------------------
  D-DT-SD BLK BLOCK NAME              NCCE    DRY YR     AREA       DRY PRODN
                                             (kg/hec)    (hec)    (000 tonnes)
  --------------------------------------------------------------------------------------------------------------------------------
  2 08 1  01 SURI-I                      0     1164.52      60         0.070

  2 08 1  02 SURI-II                     0     1164.52      17         0.020

  2 08 1  03 DUBRAJPUR                   0     1164.52      34         0.040

  2 08 1  04 MD. BAZAR                   0     1164.52      17         0.020

  2 08 1  05 RAJNAGAR                    0     1164.52       7         0.008

  2 08 1  06 KHOYRASOLE                  0     1164.52      34         0.040

  2 08 1  07 SAINTHIA                    0     1164.52     120         0.140

  2 08 2  08 BOLEPUR-SRINIKETAN          0     1164.52      34         0.040

  2 08 2  09 ILLAMBAZAR                  0     1164.52      14         0.016

  2 08 2  10 LABHPUR                     0     1164.52      94         0.109

  2 08 2  11 NANOOR                      0     1164.52      51         0.059

  2 08 3  12 RAMPURHAT-I                 0     1164.52     103         0.120

  2 08 3  13 RAMPURHAT-II                0     1164.52     128         0.149

  2 08 3  14 MAYURESWAR-I                0     1164.52      86         0.100

  2 08 3  15 MAYURESWAR-II               0     1164.52     941         1.096

  2 08 3  16 NALHATI-I                   0     1164.52     171         0.199

  2 08 3  17 NALHATI-II                  0     1164.52      34         0.040

  2 08 3  18 MURARAI-I                   0     1164.52     770         0.897

  2 08 3  19 MURARAI-II                  2     1164.52     308         0.359


  --------------------------------------------------------------------------------------------------------------------------------
    08    BIRBHUM                        2     1164.52    3023         3.520
  --------------------------------------------------------------------------------------------------------------------------------