          CROP: GRAM     (08)                                                   PAGE NO:     7

                              BLOCK WISE YIELD RATE,AREA AND PRODUCTION OF  RABI   CROPS, 2015-16
  --------------------------------------------------------------------------------------------------------------------------------
  D-DT-SD BLK BLOCK NAME              NCCE    DRY YR     AREA       DRY PRODN
                                             (kg/hec)    (hec)    (000 tonnes)
  --------------------------------------------------------------------------------------------------------------------------------
  2 08 1  01 SURI-I                      8     1565.27     289         0.452

  2 08 1  02 SURI-II                     6      891.45     182         0.162

  2 08 1  03 DUBRAJPUR                   5     1243.59     146         0.182

  2 08 1  04 MD. BAZAR                   4     1129.35     110         0.124

  2 08 1  05 RAJNAGAR                    0     1127.62      13         0.015

  2 08 1  06 KHOYRASOLE                  1     1123.64     132         0.148

  2 08 1  07 SAINTHIA                   15      841.02     295         0.248

  2 08 2  08 BOLEPUR-SRINIKETAN         17     1859.91     315         0.586

  2 08 2  09 ILLAMBAZAR                 13      902.67     316         0.285

  2 08 2  10 LABHPUR                     3     1234.72     572         0.706

  2 08 2  11 NANOOR                      6      906.79     603         0.547

  2 08 3  12 RAMPURHAT-I                20     1150.06    1241         1.427

  2 08 3  13 RAMPURHAT-II               18      823.83    1167         0.961

  2 08 3  14 MAYURESWAR-I               19     1159.81     300         0.348

  2 08 3  15 MAYURESWAR-II              19      743.81     646         0.481

  2 08 3  16 NALHATI-I                  20      642.48    1284         0.825

  2 08 3  17 NALHATI-II                  0      940.44     572         0.538

  2 08 3  18 MURARAI-I                  19     1239.69    1065         1.320

  2 08 3  19 MURARAI-II                  0      940.44     868         0.816


  --------------------------------------------------------------------------------------------------------------------------------
    08    BIRBHUM                      193     1005.55   10116        10.172
  --------------------------------------------------------------------------------------------------------------------------------