          CROP: TIL      (18)                                                   PAGE NO:     9

                              BLOCK WISE YIELD RATE,AREA AND PRODUCTION OF  SUMMER CROPS, 2015-16
  --------------------------------------------------------------------------------------------------------------------------------
  D-DT-SD BLK BLOCK NAME              NCCE    DRY YR     AREA       DRY PRODN
                                             (kg/hec)    (hec)    (000 tonnes)
  --------------------------------------------------------------------------------------------------------------------------------
  2 08 1  01 SURI-I                     11      412.73     200         0.083

  2 08 1  02 SURI-II                    15      723.92     134         0.097

  2 08 1  03 DUBRAJPUR                  16      449.45     235         0.106

  2 08 1  04 MD. BAZAR                   8      541.99      38         0.021

  2 08 1  05 RAJNAGAR                    8      527.09     223         0.118

  2 08 1  06 KHOYRASOLE                 12      619.15      89         0.055

  2 08 1  07 SAINTHIA                   20      748.94     440         0.330

  2 08 2  08 BOLEPUR-SRINIKETAN         18      567.12     500         0.284

  2 08 2  09 ILLAMBAZAR                 19      702.24     125         0.088

  2 08 2  10 LABHPUR                    16      699.51     465         0.325

  2 08 2  11 NANOOR                     17      574.06     500         0.287

  2 08 3  12 RAMPURHAT-I                18     1091.01     267         0.291

  2 08 3  13 RAMPURHAT-II               18     1055.24     277         0.292

  2 08 3  14 MAYURESWAR-I                8      567.54     200         0.114

  2 08 3  15 MAYURESWAR-II              17      489.62     333         0.163

  2 08 3  16 NALHATI-I                  11      703.70     200         0.141

  2 08 3  17 NALHATI-II                 17      855.07     339         0.290

  2 08 3  18 MURARAI-I                  14      975.10     450         0.439

  2 08 3  19 MURARAI-II                  2      825.31     216         0.178


  --------------------------------------------------------------------------------------------------------------------------------
    08    BIRBHUM                      265      707.21    5231         3.699
  --------------------------------------------------------------------------------------------------------------------------------