          CROP: MUSTARD  (15)                                                   PAGE NO:     9

                              BLOCK WISE YIELD RATE,AREA AND PRODUCTION OF  RABI   CROPS, 2015-16
  --------------------------------------------------------------------------------------------------------------------------------
  D-DT-SD BLK BLOCK NAME              NCCE    DRY YR     AREA       DRY PRODN
                                             (kg/hec)    (hec)    (000 tonnes)
  --------------------------------------------------------------------------------------------------------------------------------
  2 08 1  01 SURI-I                     20      880.18     765         0.673

  2 08 1  02 SURI-II                    20      797.06    1059         0.844

  2 08 1  03 DUBRAJPUR                  20      835.87    1566         1.309

  2 08 1  04 MD. BAZAR                  20      962.87     741         0.713

  2 08 1  05 RAJNAGAR                   20      869.81     519         0.451

  2 08 1  06 KHOYRASOLE                 20      786.02    1437         1.130

  2 08 1  07 SAINTHIA                   20      524.05    2644         1.386

  2 08 2  08 BOLEPUR-SRINIKETAN         18      897.98    2114         1.898

  2 08 2  09 ILLAMBAZAR                 20      827.67     767         0.635

  2 08 2  10 LABHPUR                    19      973.48    2253         2.193

  2 08 2  11 NANOOR                     18      954.60    3119         2.977

  2 08 3  12 RAMPURHAT-I                20     1083.34    3175         3.440

  2 08 3  13 RAMPURHAT-II               19     1169.85    2609         3.052

  2 08 3  14 MAYURESWAR-I               18      908.39    1439         1.307

  2 08 3  15 MAYURESWAR-II              18      955.92    1172         1.120

  2 08 3  16 NALHATI-I                  20      787.76    2148         1.692

  2 08 3  17 NALHATI-II                 19      591.21    3541         2.093

  2 08 3  18 MURARAI-I                  19     1161.02    2067         2.400

  2 08 3  19 MURARAI-II                 20      987.57    2730         2.696


  --------------------------------------------------------------------------------------------------------------------------------
    08    BIRBHUM                      368      892.54   35865        32.011
  --------------------------------------------------------------------------------------------------------------------------------