          CROP: SUGARCANE(16)                                                   PAGE NO:     7

                              BLOCK WISE YIELD RATE,AREA AND PRODUCTION OF  RABI   CROPS, 2015-16
  --------------------------------------------------------------------------------------------------------------------------------
  D-DT-SD BLK BLOCK NAME              NCCE    DRY YR     AREA       DRY PRODN
                                             (kg/hec)    (hec)    (000 tonnes)
  --------------------------------------------------------------------------------------------------------------------------------
  2 08 1  01 SURI-I                      5    85227.47      12         1.023

  2 08 1  02 SURI-II                     5    83301.65      64         5.331

  2 08 1  03 DUBRAJPUR                   2    85258.59       1         0.085

  2 08 1  04 MD. BAZAR                   4   102243.68      10         1.022

  2 08 1  05 RAJNAGAR                    4    95847.44      17         1.629

  2 08 1  06 KHOYRASOLE                  3    93070.53       2         0.186

  2 08 1  07 SAINTHIA                   12    80750.93      39         3.149

  2 08 2  08 BOLEPUR-SRINIKETAN          4    70104.72       8         0.561

  2 08 2  09 ILLAMBAZAR                 14    83936.78     160        13.430

  2 08 2  10 LABHPUR                     8    68430.98      60         4.106

  2 08 2  11 NANOOR                      5    78324.95     112         8.772

  2 08 3  12 RAMPURHAT-I                 9   111327.41      32         3.562

  2 08 3  13 RAMPURHAT-II                7   115110.95       1         0.115

  2 08 3  14 MAYURESWAR-I                2   109226.37      15         1.638

  2 08 3  15 MAYURESWAR-II               8   100104.63     112        11.212

  2 08 3  16 NALHATI-I                   1   112141.30      63         7.065

  2 08 3  17 NALHATI-II                  0   110674.01       9         0.996

  2 08 3  18 MURARAI-I                   8   109726.86      15         1.646

  2 08 3  19 MURARAI-II                  1   107639.45       1         0.108


  --------------------------------------------------------------------------------------------------------------------------------
    08    BIRBHUM                      102    89546.73     733        65.638
  --------------------------------------------------------------------------------------------------------------------------------