          CROP: MUSUR    (09)                                                   PAGE NO:     9

                              BLOCK WISE YIELD RATE,AREA AND PRODUCTION OF  RABI   CROPS, 2015-16
  --------------------------------------------------------------------------------------------------------------------------------
  D-DT-SD BLK BLOCK NAME              NCCE    DRY YR     AREA       DRY PRODN
                                             (kg/hec)    (hec)    (000 tonnes)
  --------------------------------------------------------------------------------------------------------------------------------
  2 08 1  01 SURI-I                      6      859.75      99         0.085

  2 08 1  02 SURI-II                    11      946.58     198         0.187

  2 08 1  03 DUBRAJPUR                   4      993.68     322         0.320

  2 08 1  04 MD. BAZAR                  19      921.50     620         0.571

  2 08 1  05 RAJNAGAR                    6      824.09      74         0.061

  2 08 1  06 KHOYRASOLE                  2      995.17     310         0.309

  2 08 1  07 SAINTHIA                   17      856.57     558         0.478

  2 08 2  08 BOLEPUR-SRINIKETAN         19      849.52     707         0.601

  2 08 2  09 ILLAMBAZAR                 19      914.53     608         0.556

  2 08 2  10 LABHPUR                    17     1015.48     608         0.617

  2 08 2  11 NANOOR                      9      745.01     645         0.481

  2 08 3  12 RAMPURHAT-I                20     1504.27    1618         2.434

  2 08 3  13 RAMPURHAT-II               20      905.20    1215         1.100

  2 08 3  14 MAYURESWAR-I               10      923.43     806         0.744

  2 08 3  15 MAYURESWAR-II               8      592.71     837         0.496

  2 08 3  16 NALHATI-I                  20      387.40    3193         1.237

  2 08 3  17 NALHATI-II                  8      808.66     583         0.471

  2 08 3  18 MURARAI-I                  20     1171.20    2362         2.766

  2 08 3  19 MURARAI-II                 20      679.92     967         0.657


  --------------------------------------------------------------------------------------------------------------------------------
    08    BIRBHUM                      255      867.87   16330        14.172
  --------------------------------------------------------------------------------------------------------------------------------