          CROP: BORO     (17)                                                   PAGE NO:     8

                              BLOCK WISE YIELD RATE,AREA AND PRODUCTION OF  SUMMER CROPS, 2015-16
  --------------------------------------------------------------------------------------------------------------------------------
  D-DT-SD BLK BLOCK NAME              NCCE    DRY YR     AREA       DRY PRODN   YR CLRICE   PRODN CLRICE
                                             (kg/hec)    (hec)    (000 tonnes)  (kg/hec)    (000 tonnes)
  --------------------------------------------------------------------------------------------------------------------------------
  2 08 1  01 SURI-I                     26     5324.26     576         3.067     3549.51        2.045

  2 08 1  02 SURI-II                    24     4034.59    4514        18.212     2689.73       12.141

  2 08 1  03 DUBRAJPUR                  24     4944.55    3990        19.729     3296.37       13.153

  2 08 1  04 MD. BAZAR                  24     5181.65    1292         6.695     3454.43        4.463

  2 08 1  07 SAINTHIA                   48     4855.05    6803        33.029     3236.70       22.019

  2 08 2  08 BOLEPUR-SRINIKETAN         36     4956.18    5706        28.280     3304.12       18.853

  2 08 2  09 ILLAMBAZAR                 36     6079.08    7211        43.836     4052.72       29.224

  2 08 2  10 LABHPUR                    44     5343.67    6274        33.526     3562.45       22.351

  2 08 2  11 NANOOR                     44     5596.92    6050        33.861     3731.28       22.574

  2 08 3  12 RAMPURHAT-I                32     6048.59    3265        19.749     4032.39       13.166

  2 08 3  13 RAMPURHAT-II               36     5792.69    5013        29.039     3861.79       19.359

  2 08 3  14 MAYURESWAR-I               36     5526.92    5125        28.325     3684.61       18.884

  2 08 3  15 MAYURESWAR-II              28     4484.38    3196        14.332     2989.59        9.555

  2 08 3  16 NALHATI-I                  32     5238.26    1688         8.842     3492.17        5.895

  2 08 3  17 NALHATI-II                 24     4927.82    6006        29.596     3285.21       19.731

  2 08 3  18 MURARAI-I                  16     4966.41    1667         8.279     3310.94        5.519

  2 08 3  19 MURARAI-II                 24     4535.85    4690        21.273     3023.90       14.182


  --------------------------------------------------------------------------------------------------------------------------------
    08    BIRBHUM                      534     5196.27   73066       379.671     3464.18      253.114
  --------------------------------------------------------------------------------------------------------------------------------