          CROP: WHEAT    (06)                                                   PAGE NO:     9

                              BLOCK WISE YIELD RATE,AREA AND PRODUCTION OF  RABI   CROPS, 2015-16
  --------------------------------------------------------------------------------------------------------------------------------
  D-DT-SD BLK BLOCK NAME              NCCE    DRY YR     AREA       DRY PRODN
                                             (kg/hec)    (hec)    (000 tonnes)
  --------------------------------------------------------------------------------------------------------------------------------
  2 08 1  01 SURI-I                     18     3287.62     510         1.677

  2 08 1  02 SURI-II                    20     2730.49     363         0.991

  2 08 1  03 DUBRAJPUR                  20     2311.09    1007         2.327

  2 08 1  04 MD. BAZAR                  18     2901.19     426         1.236

  2 08 1  05 RAJNAGAR                   20     2084.02     432         0.900

  2 08 1  06 KHOYRASOLE                 20     2544.92    1011         2.573

  2 08 1  07 SAINTHIA                   19     1655.01    1370         2.267

  2 08 2  08 BOLEPUR-SRINIKETAN         20     2279.26    1003         2.286

  2 08 2  09 ILLAMBAZAR                 20     2516.86     734         1.847

  2 08 2  10 LABHPUR                    17     1470.16    1206         1.773

  2 08 2  11 NANOOR                     13     2070.07    1088         2.252

  2 08 3  12 RAMPURHAT-I                20     3947.60    4244        16.754

  2 08 3  13 RAMPURHAT-II               20     3726.77    3457        12.883

  2 08 3  14 MAYURESWAR-I               16     3238.80    1356         4.392

  2 08 3  15 MAYURESWAR-II              20     2194.78    1361         2.987

  2 08 3  16 NALHATI-I                  20     2054.12    4453         9.147

  2 08 3  17 NALHATI-II                 19     2296.69    2080         4.777

  2 08 3  18 MURARAI-I                  20     3820.51    2882        11.011

  2 08 3  19 MURARAI-II                 18     2162.16    4824        10.430


  --------------------------------------------------------------------------------------------------------------------------------
    08    BIRBHUM                      358     2736.46   33807        92.511
  --------------------------------------------------------------------------------------------------------------------------------